0
113

1
59

2
37

3
29

4
29

5
23

6
24

7
22

8
19

9
20

10
20

11
22

12
22

13
22

14
20

15
21

16
22

17
21

18
22

19
19

20
23

21
24

22
21

23
22

24
23

25
23

26
23

27
21

28
21

29
23

30
23

31
22

32
23

33
20

34
20

35
21

36
22

37
19

38
21

39
16

40
19

41
20

42
19

43
18

44
16

45
17

46
18

47
20

48
19

49
17

50
17

51
16

52
16

53
17

54
16

55
16

56
15

57
18

58
14

59
14

60
12

61
15

62
15

63
14

64
16

65
15

66
16

67
14

68
12

69
15

70
12

71
12

72
14

73
14

74
13

75
12

76
12

77
12

78
13

79
10

80
13

81
12

82
14

83
13

84
11

85
11

86
11

87
9

88
12

89
11

90
14

91
10

92
13

93
9

94
11

95
10

96
10

97
11

98
10

99
10

100
10

101
12

102
13

103
9

104
9

105
9

106
12

107
11

108
8

109
9

110
10

111
8

112
10

113
10

114
9

115
9

116
9

117
9

118
8

119
9

120
8

121
8

122
8

123
7

124
9

125
8

126
8

127
8

128
8

129
9

130
7

131
6

132
7

133
7

134
7

135
6

136
6

137
6

138
6

139
7

140
6

141
6

142
7

143
6

144
5

145
8

146
5

147
7

148
6

149
5

150
5

151
5

152
6

153
4

154
5

155
6

156
5

157
5

158
5

159
5

160
4

161
5

162
5

163
4

164
4

165
5

166
3

167
4

168
5

169
5

170
5

171
4

172
5

173
4

174
4

175
4

176
3

177
5

178
4

179
5

180
3

181
3

182
4

183
4

184
4

185
3

186
4

187
3

188
3

189
4

190
4

191
3

192
4

193
3

194
1

195
5

196
3

197
2

198
1

199
4

200
3

201
3

202
3

203
2

204
3

205
2

206
3

207
2

208
1

209
2

210
2

211
3

212
1

213
2

214
2

215
2

216
2

217
2

218
1

219
2

220
2

221
1

222
1

223
2

224
1

225
1

226
1

227
1

228
2

229
2

230
2

231
1

232
1

233
1

234


235
1

236
1

237
1

238
1

239
2

240
1

241
2

242
1

243


244


245


246
1

247


248


249
1

250
1

251


252


253
1

254


255


256


257


258
1

259


260


261


262


263
1

264


265


266


267


268


269


270


271


272


273


274


275


276


277


278


279


280


281


282


283


284


285


286


287


288


289


290


291


292


293


294


295


296


297


298


299


300


301


302


303


304


305


306


307


308


309


310


311


312


313


314


315


316


317


318


319


320


321


322


323


324


325


326


327


328


329


330


331


332


333


334


335


336


337


338


339


340


341


342


343


344


345


346


347


348


349


350


351


352


353


354


355


356


357


358


359


360


361


362


363


364


365


366


367


368


369


370


371


372


373


374


375


376


377


378


379


380


381


382


383


384


385


386


387


388


389


390


391


392


393


394


395


396


397


398


399


400


401


402


403


404


405


406


407


408


409


410


411


412


413


414


415


416


417


418


419


420


421


422


423


424


425


426


427


428


429


430


431


432


433


434


435


436


437


438


439


440


441


442


443


444


445


446


447


448


449


450


451


452


453


454


455


456


457


458


459


460


461


462


463


464


465


466


467


468


469


470


471


472


473


474


475


476


477


478


479


480


481


482


483


484


485


486


487


488


489


490


491


492


493


494


495


496


497


498


499


500


501


502


503


504


505


506


507


508


509


510


511


512


513


514


515


516


517


518


519


520


521


522


523


524


525


526


527


528


529


530


531


532


533


534


535


536


537


538


539


540


541


542


543


544


545


546


547


548


549


550


551


552


553


554


555


556


557


558


559


560


561


562


563


564


565


566


567


568


569


570


571


572


573


574


575


576


577


578


579


580


581


582


583


584


585


586


587


588


589


590


591


592


593


594


595


596


597


598


599


600


601


602


603


604


605


606


607


608


609


610


611


612


613


614


615


616


617


618


619


620


621


622


623


624


625


626


627


628


629


630


631


632


633


634


635


636


637


638


639


640


641


642


643


644


645


646


647


648


649


650


651


652


653


654


655


656


657


658


659


660


661


662


663


664


665


666


667


668


669


670


671


672


673


674


675


676


677


678


679


680


681


682


683


684


685


686


687


688


689


690


691


692


693


694


695


696


697


698


699


700


701


702


703


704


705


706


707


708


709


710


711


712


713


714


715


716


717


718


719


720


721


722


723


724


725


726


727


728


729


730


731


732


733


734


735


736


737


738


739


740


741


742


743


744


745


746


747


748


749


750


751


752


753


