0
0


1
237
13

2
266
14

3
263
16

4
283
15

5
268
14

6
312
16

7
272
15

8
239
14

9
314
16

10
283
15

11
300
15

12
218
12

13
297
15

14
278
15

15
269
15

16
286
15

17
307
16

18
310
15

19
267
15

20
267
14

21
321
15

22
279
16

23
299
15

24
311
15

25
329
17

26
299
16

27
318
16

28
233
14

29
284
15

30
268
16

31
255
15

32
286
15

33
256
13

34
230
13

35
245
15

36
275
15

37
230
13

38
273
15

39
275
16

40
317
16

41
262
15

42
268
14

43
325
17

44
242
14

45
297
16

46
327
16

47
253
14

48
282
15

49
254
14

50
295
15

51
320
16

52
241
14

53
288
16

54
292
16

55
310
16

56
274
14

57
285
16

58
249
14

59
267
15

60
257
15

61
295
16

62
222
14

63
272
15

64
258
14

65
310
15

66
272
14

67
280
15

68
284
15

69
250
14

70
233
14

71
244
14

72
274
15

73
301
17

74
305
16

75
258
14

76
281
16

77
300
16

78
301
16

79
280
14

80
285
15

81
334
17

82
282
14

83
284
15

84
306
16

85
290
15

86
330
16

87
284
15

88
325
16

89
341
16

90
306
17

91
290
15

92
319
16

93
288
15

94
260
14

95
280
15

96
250
14

97
304
17

98
227
13

99
258
15

100
314
17

101
315
17

102
266
16

103
246
15

104
293
16

105
285
15

106
341
17

107
242
14

108
282
15

109
247
14

110
260
14

111
290
15

112
296
15

113
242
14

114
218
13

115
262
15

116
249
15

117
262
14

118
255
13

119
299
16

120
299
16

121
243
14

122
215
13

123
326
17

124
255
14

125
275
15

126
269
14

127
301
16

128
249
14

129
271
15

130
319
16

131
289
16

132
262
15

133
288
16

134
306
15

135
323
16

136
256
14

137
289
15

138
275
15

139
270
15

140
266
16

141
270
14

142
276
15

143
268
15

144
274
15

145
272
14

146
305
16

147
284
16

148
303
16

149
285
15

150
273
15

151
291
15

152
274
15

153
298
15

154
223
13

155
315
15

156
287
15

157
246
14

158
255
14

159
261
15

160
330
17

161
268
14

162
333
15

163
327
16

164
272
16

165
277
15

166
288
16

167
252
15

168
318
17

169
235
14

170
264
14

171
266
15

172
309
16

173
269
15

174
318
16

175
302
16

176
240
14

177
247
15

178
232
13

179
223
13

180
259
15

181
267
15

182
274
15

183
228
13

184
284
14

185
285
15

186
288
16

187
276
15

188
328
17

189
235
14

190
226
14

191
268
16

192
335
16

193
316
16

194
237
14

195
259
14

196
253
14

197
314
15

198
322
15

199
241
14

200
261
15

201
9


202
38
2

203
114
6

204
209
10

205
8


206
35
3

207
5


208
471
16

209
208
12

210
383
16

211
24
2

212
287
13

213
44
3

214
131
8

215
113
7

216
139
9

217
46
4

218
145
9

219
8


220
24
2

221
37
3

222
190
11

223
777
19

224
2


225
65
4

226
49
4

227
96
6

228
16
1

229
26
2

230
6


231
58
4

232
105
4

233
0


