46800.100

52325
25630
25630
25627
0.4898
0.9999
0.4898
52325000
44430292582
3265


0.7762984352377249
0.5999999999912689
95
1.1999999999825377
0.19999999999708962
3626.3999999864245


179.8504311842146
163.9999999976135
95
324.0999999952837
0.19999999999708962
3626.3999999864245


24713
2169
25443
4.15
2169
52325
48.62
25443
52325
1,173.03
25443
2169


24713000
2169000
25443000
4.15
2169000
52325000
48.62
25443000
52325000
1,173.03
25443000
2169000


22335
1845
1447
7.2
1845
25627
5.65
1447
25627
78.43
1447
1845


38455418248
3220190159
2754684175
7.25
3220190159
44430292582
6.2
2754684175
44430292582
85.54
2754684175
3220190159


123.565
47.31
123
47.45
95
140
95
52.03
87
39.01
154
55.74

10.845
4.17
11
4.12
95
18
95
7.11
2
0.68
21
9.01

127.215
48.52
127
48.65
95
149
95
52.75
87
41.39
179
56.31

261.625
261
95
298
208
340


123565.0
47.31
123000
47.45
95
140000
95
52.03
87000
39.01
154000
55.74

10845.0
4.17
11000
4.12
95
18000
95
7.11
2000
0.68
21000
9.01

127215.0
48.52
127000
48.65
95
149000
95
52.75
87000
41.39
179000
56.31

261625.0
261000
95
298000
208000
340000


111.675
87.15
111
87.3
95
124
95
92.91
85
75.89
135
95.68

9.225
7.21
9
6.98
95
15
95
11.54
2
1.44
18
14.55

7.235
5.64
7
5.47
95
12
95
9.15
1
0.8
15
11.48

128.135
128
95
139
110
152


1.9227709124E8
86.54
190622804
86.59
95
221702364
95
92.27
139353601
74.72
236037826
96.17

1.6100950795E7
7.27
15772273
7.07
95
26441038
95
12.12
2471286
1.01
32033025
15.06

1.3773420875E7
6.19
13388743
5.96
95
23480461
95
10.39
2276056
0.99
29551747
13.39

2.2215146291E8
220562852
95
250351681
185606786
260820904

