# time totalContactTime
1.1000 126.0000
2.1000 252.0000
3.1000 378.0000
4.1000 504.0000
5.2000 642.6000
6.3000 781.2000
7.4000 919.8000
8.5000 1058.4000
9.6000 1197.0000
10.7000 1335.6000
11.8000 1474.2000
12.9000 1612.8000
14.0000 1751.4000
15.1000 1890.0000
16.2000 2028.6000
17.2000 2154.6000
18.2000 2280.6000
19.2000 2406.6000
20.2000 2532.6000
21.2000 2658.6000
22.2000 2784.6000
23.2000 2910.6000
24.2000 3036.6000
25.2000 3162.6000
26.2000 3288.6000
27.2000 3414.6000
28.2000 3540.6000
29.2000 3666.6000
30.2000 3792.6000
31.2000 3918.6000
32.2000 4044.6000
33.2000 4170.6000
34.2000 4296.6000
35.2000 4422.6000
36.2000 4548.6000
37.2000 4674.6000
38.2000 4800.6000
39.2000 4926.6000
40.2000 5052.6000
41.2000 5178.6000
42.2000 5304.6000
43.2000 5430.6000
44.2000 5556.6000
45.2000 5682.6000
46.2000 5808.6000
47.2000 5934.6000
48.2000 6060.6000
49.2000 6186.6000
50.2000 6312.6000
51.2000 6438.6000
52.2000 6564.6000
53.2000 6690.6000
54.2000 6816.6000
55.2000 6942.6000
56.2000 7068.6000
57.2000 7194.6000
58.2000 7320.6000
59.2000 7446.6000
60.2000 7572.6000
61.2000 7698.6000
62.2000 7824.6000
63.2000 7950.6000
64.2000 8076.6000
65.3000 8215.2000
66.4000 8353.8000
67.5000 8492.4000
68.6000 8631.0000
69.7000 8769.6000
70.8000 8908.2000
71.9000 9046.8000
73.0000 9185.4000
74.1000 9324.0000
75.2000 9462.6000
76.3000 9601.2000
77.4000 9739.8000
78.5000 9878.4000
79.6000 10017.0000
80.7000 10155.6000
81.8000 10294.2000
82.9000 10432.8000
84.0000 10571.4000
85.1000 10710.0000
86.2000 10848.6000
87.3000 10987.2000
88.4000 11125.8000
89.5000 11264.4000
90.6000 11403.0000
91.7000 11541.6000
92.8000 11680.2000
93.9000 11818.8000
95.0000 11957.4000
96.1000 12096.0000
97.2000 12234.6000
98.3000 12373.2000
99.4000 12511.8000
100.5000 12650.4000
101.6000 12789.0000
102.7000 12927.6000
103.8000 13066.2000
104.9000 13204.8000
106.0000 13343.4000
107.1000 13482.0000
108.2000 13620.6000
109.3000 13759.2000
110.4000 13897.8000
111.5000 14036.4000
112.6000 14175.0000
113.7000 14313.6000
114.8000 14452.2000
115.9000 14590.8000
117.0000 14729.4000
118.1000 14868.0000
119.2000 15006.6000
120.3000 15145.2000
121.4000 15283.8000
122.5000 15422.4000
123.6000 15561.0000
124.7000 15699.6000
125.8000 15838.2000
126.9000 15976.8000
128.0000 16115.4000
129.1000 16254.0000
130.2000 16392.6000
131.3000 16531.2000
132.4000 16669.8000
133.5000 16808.4000
134.6000 16947.0000
135.7000 17085.6000
136.8000 17224.2000
137.9000 17362.8000
139.0000 17501.4000
140.1000 17640.0000
141.2000 17778.6000
142.3000 17917.2000
143.4000 18055.8000
144.5000 18194.4000
145.6000 18333.0000
146.7000 18471.6000
147.8000 18610.2000
148.9000 18748.8000
150.0000 18887.4000
151.1000 19026.0000
152.2000 19164.6000
153.3000 19303.2000
154.4000 19441.8000
155.5000 19580.4000
156.6000 19719.0000
157.7000 19857.6000
158.8000 19996.2000
159.9000 20134.8000
161.0000 20273.4000
162.1000 20412.0000
163.2000 20550.6000
164.3000 20689.2000
165.4000 20827.8000
166.5000 20966.4000
167.6000 21105.0000
168.7000 21243.6000
169.8000 21382.2000
170.9000 21520.8000
172.0000 21659.4000
173.1000 21798.0000
174.2000 21936.6000
175.3000 22075.2000
176.4000 22213.8000
177.5000 22352.4000
178.6000 22491.0000
179.7000 22629.6000
180.8000 22768.2000
181.9000 22906.8000
183.0000 23045.4000
184.1000 23184.0000
185.2000 23322.6000
186.3000 23461.2000
187.4000 23599.8000
188.5000 23738.4000
189.6000 23877.0000
190.7000 24015.6000
191.8000 24154.2000
192.9000 24292.8000
194.0000 24431.4000
195.1000 24570.0000
196.2000 24708.6000
197.3000 24847.2000
198.4000 24985.8000
199.5000 25124.4000
200.6000 25263.0000
201.7000 25401.6000
202.8000 25540.2000
203.9000 25678.8000
205.0000 25817.4000
206.1000 25956.0000
207.2000 26094.6000
208.3000 26233.2000
209.4000 26371.8000
210.5000 26510.4000
211.6000 26649.0000
212.7000 26787.6000
213.8000 26926.2000
214.9000 27064.8000
216.0000 27203.4000
217.1000 27342.0000
218.2000 27480.6000
219.3000 27619.2000
220.4000 27757.8000
221.5000 27896.4000
222.6000 28035.0000
223.7000 28173.6000
224.8000 28312.2000
225.9000 28450.8000
227.0000 28589.4000
228.1000 28728.0000
229.2000 28866.6000
230.3000 29005.2000
231.4000 29143.8000
232.5000 29282.4000
233.6000 29421.0000
234.7000 29559.6000
235.8000 29698.2000
236.9000 29836.8000
238.0000 29975.4000
239.1000 30114.0000
240.2000 30252.6000
241.3000 30391.2000
242.4000 30529.8000
243.5000 30668.4000
244.6000 30807.0000
245.7000 30945.6000
246.8000 31084.2000
247.9000 31222.8000
249.0000 31361.4000
250.1000 31500.0000
251.2000 31638.6000
252.3000 31777.2000
253.4000 31915.8000
254.5000 32054.4000
255.6000 32193.0000
256.6000 32319.0000
257.6000 32445.0000
258.6000 32571.0000
259.6000 32697.0000
260.6000 32823.0000
261.6000 32949.0000
262.6000 33075.0000
263.6000 33201.0000
264.6000 33327.0000
265.6000 33453.0000
266.6000 33579.0000
267.6000 33705.0000
268.6000 33831.0000
269.6000 33957.0000
270.6000 34083.0000
271.6000 34209.0000
272.6000 34335.0000
273.6000 34461.0000
274.6000 34587.0000
275.6000 34713.0000
276.6000 34839.0000
277.6000 34965.0000
278.6000 35091.0000
279.6000 35217.0000
280.6000 35343.0000
281.6000 35469.0000
282.6000 35595.0000
283.6000 35721.0000
284.6000 35847.0000
285.6000 35973.0000
286.6000 36099.0000
287.6000 36225.0000
288.6000 36351.0000
289.6000 36477.0000
290.6000 36603.0000
291.6000 36729.0000
292.6000 36855.0000
293.6000 36981.0000
294.6000 37107.0000
295.6000 37233.0000
296.6000 37359.0000
297.6000 37485.0000
298.6000 37611.0000
299.6000 37737.0000
300.6000 37863.0000
301.6000 37989.0000
302.6000 38115.0000
303.6000 38241.0000
304.6000 38367.0000
305.6000 38493.0000
306.6000 38619.0000
307.6000 38745.0000
308.6000 38871.0000
309.6000 38997.0000
310.6000 39123.0000
311.6000 39249.0000
312.6000 39375.0000
313.6000 39501.0000
314.6000 39627.0000
315.6000 39753.0000
316.6000 39879.0000
317.6000 40005.0000
318.6000 40131.0000
319.6000 40257.0000
320.6000 40383.0000
321.6000 40509.0000
322.6000 40635.0000
323.6000 40761.0000
324.6000 40887.0000
325.6000 41013.0000
326.6000 41139.0000
327.6000 41265.0000
328.6000 41391.0000
329.6000 41517.0000
330.6000 41643.0000
331.6000 41769.0000
332.6000 41895.0000
333.6000 42021.0000
334.6000 42147.0000
335.6000 42273.0000
336.6000 42399.0000
337.6000 42525.0000
338.6000 42651.0000
339.6000 42777.0000
340.6000 42903.0000
341.6000 43029.0000
342.6000 43155.0000
343.6000 43281.0000
344.6000 43407.0000
345.6000 43533.0000
346.6000 43659.0000
347.6000 43785.0000
348.6000 43911.0000
349.6000 44037.0000
350.6000 44163.0000
351.6000 44289.0000
352.6000 44415.0000
353.6000 44541.0000
354.6000 44667.0000
355.6000 44793.0000
356.6000 44919.0000
357.6000 45045.0000
358.6000 45171.0000
359.6000 45297.0000
360.6000 45423.0000
361.6000 45549.0000
362.6000 45675.0000
363.6000 45801.0000
364.6000 45927.0000
365.6000 46053.0000
366.6000 46179.0000
367.6000 46305.0000
368.6000 46431.0000
369.6000 46557.0000
370.6000 46683.0000
371.6000 46809.0000
372.6000 46935.0000
373.6000 47061.0000
374.6000 47187.0000
375.6000 47313.0000
376.6000 47439.0000
377.6000 47565.0000
378.6000 47691.0000
379.6000 47817.0000
380.6000 47943.0000
381.6000 48069.0000
382.6000 48195.0000
383.6000 48321.0000
384.6000 48447.0000
385.6000 48573.0000
386.6000 48699.0000
387.6000 48825.0000
388.6000 48951.0000
389.6000 49077.0000
390.6000 49203.0000
391.6000 49329.0000
392.6000 49455.0000
393.6000 49581.0000
394.6000 49707.0000
395.6000 49833.0000
396.6000 49959.0000
397.6000 50085.0000
398.6000 50211.0000
399.6000 50337.0000
400.6000 50463.0000
401.6000 50589.0000
402.6000 50715.0000
403.6000 50841.0000
404.6000 50967.0000
405.6000 51093.0000
406.6000 51219.0000
407.6000 51345.0000
408.6000 51471.0000
409.6000 51597.0000
410.6000 51723.0000
411.6000 51849.0000
412.6000 51975.0000
413.6000 52101.0000
414.6000 52227.0000
415.6000 52353.0000
416.6000 52479.0000
417.6000 52605.0000
418.6000 52731.0000
419.6000 52857.0000
420.6000 52983.0000
421.6000 53109.0000
422.6000 53235.0000
423.6000 53361.0000
424.6000 53487.0000
425.6000 53613.0000
426.6000 53739.0000
427.6000 53865.0000
428.6000 53991.0000
429.6000 54117.0000
430.6000 54243.0000
431.6000 54369.0000
432.6000 54495.0000
433.6000 54621.0000
434.6000 54747.0000
435.6000 54873.0000
436.6000 54999.0000
437.6000 55125.0000
438.6000 55251.0000
439.6000 55377.0000
440.6000 55503.0000
441.6000 55629.0000
442.6000 55755.0000
443.6000 55881.0000
444.6000 56007.0000
445.6000 56133.0000
446.6000 56259.0000
447.6000 56385.0000
448.6000 56511.0000
449.6000 56637.0000
450.6000 56763.0000
451.6000 56889.0000
452.6000 57015.0000
453.6000 57141.0000
454.6000 57267.0000
455.6000 57393.0000
456.6000 57519.0000
457.6000 57645.0000
458.6000 57771.0000
459.6000 57897.0000
460.6000 58023.0000
461.6000 58149.0000
462.6000 58275.0000
463.6000 58401.0000
464.6000 58527.0000
465.6000 58653.0000
466.6000 58779.0000
467.6000 58905.0000
468.6000 59031.0000
469.6000 59157.0000
470.6000 59283.0000
471.6000 59409.0000
472.6000 59535.0000
473.6000 59661.0000
474.6000 59787.0000
475.6000 59913.0000
476.6000 60039.0000
477.6000 60165.0000
478.6000 60291.0000
479.6000 60417.0000
480.6000 60543.0000
481.6000 60669.0000
482.6000 60795.0000
483.6000 60921.0000
484.6000 61047.0000
485.6000 61173.0000
486.6000 61299.0000
487.6000 61425.0000
488.6000 61551.0000
489.6000 61677.0000
490.6000 61803.0000
491.6000 61929.0000
492.6000 62055.0000
493.6000 62181.0000
494.6000 62307.0000
495.6000 62433.0000
496.6000 62559.0000
497.6000 62685.0000
498.6000 62811.0000
499.6000 62937.0000
500.6000 63063.0000
501.6000 63189.0000
502.6000 63315.0000
503.6000 63441.0000
504.6000 63567.0000
505.6000 63693.0000
506.6000 63819.0000
507.6000 63945.0000
508.6000 64071.0000
509.6000 64197.0000
510.6000 64323.0000
511.6000 64449.0000
512.6000 64575.0000
513.6000 64701.0000
514.6000 64827.0000
515.6000 64953.0000
516.6000 65079.0000
517.6000 65205.0000
518.6000 65331.0000
519.6000 65457.0000
520.6000 65583.0000
521.6000 65709.0000
522.6000 65835.0000
523.6000 65961.0000
524.6000 66087.0000
525.6000 66213.0000
526.6000 66339.0000
527.6000 66465.0000
528.6000 66591.0000
529.6000 66717.0000
530.6000 66843.0000
531.6000 66969.0000
532.6000 67095.0000
533.6000 67221.0000
534.6000 67347.0000
535.6000 67473.0000
536.6000 67599.0000
537.6000 67725.0000
538.6000 67851.0000
539.6000 67977.0000
540.6000 68103.0000
541.6000 68229.0000
542.6000 68355.0000
543.6000 68481.0000
544.6000 68607.0000
545.6000 68733.0000
546.6000 68859.0000
547.6000 68985.0000
548.6000 69111.0000
549.6000 69237.0000
550.6000 69363.0000
551.6000 69489.0000
552.6000 69615.0000
553.6000 69741.0000
554.6000 69867.0000
555.6000 69993.0000
556.6000 70119.0000
557.6000 70245.0000
558.6000 70371.0000
559.6000 70497.0000
560.6000 70623.0000
561.6000 70749.0000
562.6000 70875.0000
563.6000 71001.0000
564.6000 71127.0000
565.6000 71253.0000
566.6000 71379.0000
567.6000 71505.0000
568.6000 71631.0000
569.6000 71757.0000
570.6000 71883.0000
571.6000 72009.0000
572.6000 72135.0000
573.6000 72261.0000
574.6000 72387.0000
575.6000 72513.0000
576.6000 72639.0000
577.6000 72765.0000
578.6000 72891.0000
579.6000 73017.0000
580.6000 73143.0000
581.6000 73269.0000
582.6000 73395.0000
583.6000 73521.0000
584.6000 73647.0000
585.6000 73773.0000
586.6000 73899.0000
587.6000 74025.0000
588.6000 74151.0000
589.6000 74277.0000
590.6000 74403.0000
591.6000 74529.0000
592.6000 74655.0000
593.6000 74781.0000
594.6000 74907.0000
595.6000 75033.0000
596.6000 75159.0000
597.6000 75285.0000
598.6000 75411.0000
599.6000 75537.0000
600.6000 75663.0000
601.6000 75789.0000
602.6000 75915.0000
603.6000 76041.0000
604.6000 76167.0000
605.6000 76293.0000
606.6000 76419.0000
607.6000 76545.0000
608.6000 76671.0000
609.6000 76797.0000
610.6000 76923.0000
611.6000 77049.0000
612.6000 77175.0000
613.6000 77301.0000
614.6000 77427.0000
615.6000 77553.0000
616.6000 77679.0000
617.6000 77805.0000
618.6000 77931.0000
619.6000 78057.0000
620.6000 78183.0000
621.6000 78309.0000
622.6000 78435.0000
623.6000 78561.0000
624.6000 78687.0000
625.6000 78813.0000
626.6000 78939.0000
627.6000 79065.0000
628.6000 79191.0000
629.6000 79317.0000
630.6000 79443.0000
631.6000 79569.0000
632.6000 79695.0000
633.6000 79821.0000
634.6000 79947.0000
635.6000 80073.0000
636.6000 80199.0000
637.6000 80325.0000
638.6000 80451.0000
639.6000 80577.0000
640.6000 80703.0000
641.6000 80829.0000
642.6000 80955.0000
643.6000 81081.0000
644.6000 81207.0000
645.6000 81333.0000
646.6000 81459.0000
647.6000 81585.0000
648.6000 81711.0000
649.6000 81837.0000
650.6000 81963.0000
651.6000 82089.0000
652.6000 82215.0000
653.6000 82341.0000
654.6000 82467.0000
655.6000 82593.0000
656.6000 82719.0000
657.6000 82845.0000
658.6000 82971.0000
659.6000 83097.0000
660.6000 83223.0000
661.6000 83349.0000
662.6000 83475.0000
663.6000 83601.0000
664.6000 83727.0000
665.6000 83853.0000
666.6000 83979.0000
667.6000 84105.0000
668.6000 84231.0000
669.6000 84357.0000
670.6000 84483.0000
671.6000 84609.0000
672.6000 84735.0000
673.6000 84861.0000
674.6000 84987.0000
675.6000 85113.0000
676.6000 85239.0000
677.6000 85365.0000
678.6000 85491.0000
679.6000 85617.0000
680.6000 85743.0000
681.6000 85869.0000
682.6000 85995.0000
683.6000 86121.0000
684.6000 86247.0000
685.6000 86373.0000
686.6000 86499.0000
687.6000 86625.0000
688.6000 86751.0000
689.6000 86877.0000
690.6000 87003.0000
691.6000 87129.0000
692.6000 87255.0000
693.6000 87381.0000
694.6000 87507.0000
695.6000 87633.0000
696.6000 87759.0000
697.6000 87885.0000
698.6000 88011.0000
699.6000 88137.0000
700.6000 88263.0000
701.6000 88389.0000
702.6000 88515.0000
703.6000 88641.0000
704.6000 88767.0000
705.6000 88893.0000
706.6000 89019.0000
707.6000 89145.0000
708.6000 89271.0000
709.6000 89397.0000
710.6000 89523.0000
711.6000 89649.0000
712.6000 89775.0000
713.6000 89901.0000
714.6000 90027.0000
715.6000 90153.0000
716.6000 90279.0000
717.6000 90405.0000
718.6000 90531.0000
719.6000 90657.0000
720.6000 90783.0000
721.6000 90909.0000
722.6000 91035.0000
723.6000 91161.0000
724.6000 91287.0000
725.6000 91413.0000
726.6000 91539.0000
727.6000 91665.0000
728.6000 91791.0000
729.6000 91917.0000
730.6000 92043.0000
731.6000 92169.0000
732.6000 92295.0000
733.6000 92421.0000
734.6000 92547.0000
735.6000 92673.0000
736.6000 92799.0000
737.6000 92925.0000
738.6000 93051.0000
739.6000 93177.0000
740.6000 93303.0000
741.6000 93429.0000
742.6000 93555.0000
743.6000 93681.0000
744.6000 93807.0000
745.6000 93933.0000
746.6000 94059.0000
747.6000 94185.0000
748.6000 94311.0000
749.6000 94437.0000
750.6000 94563.0000
751.6000 94689.0000
752.6000 94815.0000
753.6000 94941.0000
754.6000 95067.0000
755.6000 95193.0000
756.6000 95319.0000
757.6000 95445.0000
758.6000 95571.0000
759.6000 95697.0000
760.6000 95823.0000
761.6000 95949.0000
762.6000 96075.0000
763.6000 96201.0000
764.6000 96327.0000
765.6000 96453.0000
766.6000 96579.0000
767.6000 96705.0000
768.6000 96831.0000
769.6000 96957.0000
770.6000 97083.0000
771.6000 97209.0000
772.6000 97335.0000
773.6000 97461.0000
774.6000 97587.0000
775.6000 97713.0000
776.6000 97839.0000
777.6000 97965.0000
778.6000 98091.0000
779.6000 98217.0000
780.6000 98343.0000
781.6000 98469.0000
782.6000 98595.0000
783.6000 98721.0000
784.6000 98847.0000
785.6000 98973.0000
786.6000 99099.0000
787.6000 99225.0000
788.6000 99351.0000
789.6000 99477.0000
790.6000 99603.0000
791.6000 99729.0000
792.6000 99855.0000
793.6000 99981.0000
794.6000 100107.0000
795.6000 100233.0000
796.6000 100359.0000
797.6000 100485.0000
798.6000 100611.0000
799.6000 100737.0000
800.6000 100863.0000
801.6000 100989.0000
802.6000 101115.0000
803.6000 101241.0000
804.6000 101367.0000
805.6000 101493.0000
806.6000 101619.0000
807.6000 101745.0000
808.6000 101871.0000
809.6000 101997.0000
810.6000 102123.0000
811.6000 102249.0000
812.6000 102375.0000
813.6000 102501.0000
814.6000 102627.0000
815.6000 102753.0000
816.6000 102879.0000
817.6000 103005.0000
818.6000 103131.0000
819.6000 103257.0000
820.6000 103383.0000
821.6000 103509.0000
822.6000 103635.0000
823.6000 103761.0000
824.6000 103887.0000
825.6000 104013.0000
826.6000 104139.0000
827.6000 104265.0000
828.6000 104391.0000
829.6000 104517.0000
830.6000 104643.0000
831.6000 104769.0000
832.6000 104895.0000
833.6000 105021.0000
834.6000 105147.0000
835.6000 105273.0000
836.6000 105399.0000
837.6000 105525.0000
838.6000 105651.0000
839.6000 105777.0000
840.6000 105903.0000
841.6000 106029.0000
842.6000 106155.0000
843.6000 106281.0000
844.6000 106407.0000
845.6000 106533.0000
846.6000 106659.0000
847.6000 106785.0000
848.6000 106911.0000
849.6000 107037.0000
850.6000 107163.0000
851.6000 107289.0000
852.6000 107415.0000
853.6000 107541.0000
854.6000 107667.0000
855.6000 107793.0000
856.6000 107919.0000
857.6000 108045.0000
858.6000 108171.0000
859.6000 108297.0000
860.6000 108423.0000
861.6000 108549.0000
862.6000 108675.0000
863.6000 108801.0000
864.6000 108927.0000
865.6000 109053.0000
866.6000 109179.0000
867.6000 109305.0000
868.6000 109431.0000
869.6000 109557.0000
870.6000 109683.0000
871.6000 109809.0000
872.6000 109935.0000
873.6000 110061.0000
874.6000 110187.0000
875.6000 110313.0000
876.6000 110439.0000
877.6000 110565.0000
878.6000 110691.0000
879.6000 110817.0000
880.6000 110943.0000
881.6000 111069.0000
882.6000 111195.0000
883.6000 111321.0000
884.6000 111447.0000
885.6000 111573.0000
886.6000 111699.0000
887.6000 111825.0000
888.6000 111951.0000
889.6000 112077.0000
890.6000 112203.0000
891.6000 112329.0000
892.6000 112455.0000
893.6000 112581.0000
894.6000 112707.0000
895.6000 112833.0000
896.6000 112959.0000
897.6000 113085.0000
898.6000 113211.0000
899.6000 113337.0000
900.6000 113463.0000
901.6000 113589.0000
902.6000 113715.0000
903.6000 113841.0000
904.6000 113967.0000
905.6000 114093.0000
906.6000 114219.0000
907.6000 114345.0000
908.6000 114471.0000
909.6000 114597.0000
910.6000 114723.0000
911.6000 114849.0000
912.6000 114975.0000
913.6000 115101.0000
914.6000 115227.0000
915.6000 115353.0000
916.6000 115479.0000
917.6000 115605.0000
918.6000 115731.0000
919.6000 115857.0000
920.6000 115983.0000
921.6000 116109.0000
922.6000 116235.0000
923.6000 116361.0000
924.6000 116487.0000
925.6000 116613.0000
926.6000 116739.0000
927.6000 116865.0000
928.6000 116991.0000
929.6000 117117.0000
930.6000 117243.0000
931.6000 117369.0000
932.6000 117495.0000
933.6000 117621.0000
934.6000 117747.0000
935.6000 117873.0000
936.6000 117999.0000
937.6000 118125.0000
938.6000 118251.0000
939.6000 118377.0000
940.6000 118503.0000
941.6000 118629.0000
942.6000 118755.0000
943.6000 118881.0000
944.6000 119007.0000
945.6000 119133.0000
946.6000 119259.0000
947.6000 119385.0000
948.6000 119511.0000
949.6000 119637.0000
950.6000 119763.0000
951.6000 119889.0000
952.6000 120015.0000
953.6000 120141.0000
954.6000 120267.0000
955.6000 120393.0000
956.6000 120519.0000
957.6000 120645.0000
958.6000 120771.0000
959.6000 120897.0000
960.6000 121023.0000
961.6000 121149.0000
962.6000 121275.0000
963.6000 121401.0000
964.6000 121527.0000
965.6000 121653.0000
966.6000 121779.0000
967.6000 121905.0000
968.6000 122031.0000
969.6000 122157.0000
970.6000 122283.0000
971.6000 122409.0000
972.6000 122535.0000
973.6000 122661.0000
974.6000 122787.0000
975.6000 122913.0000
976.6000 123039.0000
977.6000 123165.0000
978.6000 123291.0000
979.6000 123417.0000
980.6000 123543.0000
981.6000 123669.0000
982.6000 123795.0000
983.6000 123921.0000
984.6000 124047.0000
985.6000 124173.0000
986.6000 124299.0000
987.6000 124425.0000
988.6000 124551.0000
989.6000 124677.0000
990.6000 124803.0000
991.6000 124929.0000
992.6000 125055.0000
993.6000 125181.0000
994.6000 125307.0000
995.6000 125433.0000
996.6000 125559.0000
997.6000 125685.0000
998.6000 125811.0000
999.6000 125937.0000
1000.6000 126063.0000
1001.6000 126189.0000
1002.6000 126315.0000
1003.6000 126441.0000
1004.6000 126567.0000
1005.6000 126693.0000
1006.6000 126819.0000
1007.6000 126945.0000
1008.6000 127071.0000
1009.6000 127197.0000
1010.6000 127323.0000
1011.6000 127449.0000
1012.6000 127575.0000
1013.6000 127701.0000
1014.6000 127827.0000
1015.6000 127953.0000
1016.6000 128079.0000
1017.6000 128205.0000
1018.6000 128331.0000
1019.6000 128457.0000
1020.6000 128583.0000
1021.6000 128709.0000
1022.6000 128835.0000
1023.6000 128961.0000
1024.7000 129099.6000
1025.8000 129238.2000
1026.9000 129376.8000
1028.0000 129515.4000
1029.1000 129654.0000
1030.2000 129792.6000
1031.3000 129931.2000
1032.4000 130069.8000
1033.5000 130208.4000
1034.6000 130347.0000
1035.7000 130485.6000
1036.8000 130624.2000
1037.9000 130762.8000
1039.0000 130901.4000
1040.1000 131040.0000
1041.2000 131178.6000
1042.3000 131317.2000
1043.4000 131455.8000
1044.5000 131594.4000
1045.6000 131733.0000
1046.7000 131871.6000
1047.8000 132010.2000
1048.9000 132148.8000
1050.0000 132287.4000
1051.1000 132426.0000
1052.2000 132564.6000
1053.3000 132703.2000
1054.4000 132841.8000
1055.5000 132980.4000
1056.6000 133119.0000
1057.7000 133257.6000
1058.8000 133396.2000
1059.9000 133534.8000
1061.0000 133673.4000
1062.1000 133812.0000
1063.2000 133950.6000
1064.3000 134089.2000
1065.4000 134227.8000
1066.5000 134366.4000
1067.6000 134505.0000
1068.7000 134643.6000
1069.8000 134782.2000
1070.9000 134920.8000
1072.0000 135059.4000
1073.1000 135198.0000
1074.2000 135336.6000
1075.3000 135475.2000
1076.4000 135613.8000
1077.5000 135752.4000
1078.6000 135891.0000
1079.7000 136029.6000
1080.8000 136168.2000
1081.9000 136306.8000
1083.0000 136445.4000
1084.1000 136584.0000
1085.2000 136722.6000
1086.3000 136861.2000
1087.4000 136999.8000
1088.5000 137138.4000
1089.6000 137277.0000
1090.7000 137415.6000
1091.8000 137554.2000
1092.9000 137692.8000
1094.0000 137831.4000
1095.1000 137970.0000
1096.2000 138108.6000
1097.3000 138247.2000
1098.4000 138385.8000
1099.5000 138524.4000
1100.6000 138663.0000
1101.7000 138801.6000
1102.8000 138940.2000
1103.9000 139078.8000
1105.0000 139217.4000
1106.1000 139356.0000
1107.2000 139494.6000
1108.3000 139633.2000
1109.4000 139771.8000
1110.5000 139910.4000
1111.6000 140049.0000
1112.7000 140187.6000
1113.8000 140326.2000
1114.9000 140464.8000
1116.0000 140603.4000
1117.1000 140742.0000
1118.2000 140880.6000
1119.3000 141019.2000
1120.4000 141157.8000
1121.5000 141296.4000
1122.6000 141435.0000
1123.7000 141573.6000
1124.8000 141712.2000
1125.9000 141850.8000
1127.0000 141989.4000
1128.1000 142128.0000
1129.2000 142266.6000
1130.3000 142405.2000
1131.4000 142543.8000
1132.5000 142682.4000
1133.6000 142821.0000
1134.7000 142959.6000
1135.8000 143098.2000
1136.9000 143236.8000
1138.0000 143375.4000
1139.1000 143514.0000
1140.2000 143652.6000
1141.3000 143791.2000
1142.4000 143929.8000
1143.5000 144068.4000
1144.6000 144207.0000
1145.7000 144345.6000
1146.8000 144484.2000
1147.9000 144622.8000
1149.0000 144761.4000
1150.1000 144900.0000
1151.2000 145038.6000
1152.3000 145177.2000
1153.4000 145315.8000
1154.5000 145454.4000
1155.6000 145593.0000
1156.7000 145731.6000
1157.8000 145870.2000
1158.9000 146008.8000
1160.0000 146147.4000
1161.1000 146286.0000
1162.2000 146424.6000
1163.3000 146563.2000
1164.4000 146701.8000
1165.5000 146840.4000
1166.6000 146979.0000
1167.7000 147117.6000
1168.8000 147256.2000
1169.9000 147394.8000
1171.0000 147533.4000
1172.1000 147672.0000
1173.2000 147810.6000
1174.3000 147949.2000
1175.4000 148087.8000
1176.5000 148226.4000
1177.6000 148365.0000
1178.7000 148503.6000
1179.8000 148642.2000
1180.9000 148780.8000
1182.0000 148919.4000
1183.1000 149058.0000
1184.2000 149196.6000
1185.3000 149335.2000
1186.4000 149473.8000
1187.5000 149612.4000
1188.6000 149751.0000
1189.7000 149889.6000
1190.8000 150028.2000
1191.9000 150166.8000
1193.0000 150305.4000
1194.1000 150444.0000
1195.2000 150582.6000
1196.3000 150721.2000
1197.4000 150859.8000
1198.5000 150998.4000
1199.6000 151137.0000
1200.7000 151275.6000
1201.8000 151414.2000
1202.9000 151552.8000
1204.0000 151691.4000
1205.1000 151830.0000
1206.2000 151968.6000
1207.3000 152107.2000
1208.4000 152245.8000
1209.5000 152384.4000
1210.6000 152523.0000
1211.7000 152661.6000
1212.8000 152800.2000
1213.9000 152938.8000
1215.0000 153077.4000
1216.1000 153216.0000
1217.2000 153354.6000
1218.3000 153493.2000
1219.4000 153631.8000
1220.5000 153770.4000
1221.6000 153909.0000
1222.7000 154047.6000
1223.8000 154186.2000
1224.9000 154324.8000
1226.0000 154463.4000
1227.1000 154602.0000
1228.2000 154740.6000
1229.3000 154879.2000
1230.4000 155017.8000
1231.5000 155156.4000
1232.6000 155295.0000
1233.7000 155433.6000
1234.8000 155572.2000
1235.9000 155710.8000
1237.0000 155849.4000
1238.1000 155988.0000
1239.2000 156126.6000
1240.3000 156265.2000
1241.4000 156403.8000
1242.5000 156542.4000
1243.6000 156681.0000
1244.7000 156819.6000
1245.8000 156958.2000
1246.9000 157096.8000
1248.0000 157235.4000
1249.1000 157374.0000
1250.2000 157512.6000
1251.3000 157651.2000
1252.4000 157789.8000
1253.5000 157928.4000
1254.6000 158067.0000
1255.7000 158205.6000
1256.8000 158344.2000
1257.9000 158482.8000
1259.0000 158621.4000
1260.1000 158760.0000
1261.2000 158898.6000
1262.3000 159037.2000
1263.4000 159175.8000
1264.5000 159314.4000
1265.6000 159453.0000
1266.7000 159591.6000
1267.8000 159730.2000
1268.9000 159868.8000
1270.0000 160007.4000
1271.1000 160146.0000
1272.2000 160284.6000
1273.3000 160423.2000
1274.4000 160561.8000
1275.5000 160700.4000
1276.6000 160839.0000
1277.7000 160977.6000
1278.8000 161116.2000
1279.9000 161254.8000
1281.0000 161393.4000
1282.1000 161532.0000
1283.2000 161670.6000
1284.3000 161809.2000
1285.4000 161947.8000
1286.5000 162086.4000
1287.6000 162225.0000
1288.7000 162363.6000
1289.8000 162502.2000
1290.9000 162640.8000
1292.0000 162779.4000
1293.1000 162918.0000
1294.2000 163056.6000
1295.3000 163195.2000
1296.4000 163333.8000
1297.5000 163472.4000
1298.6000 163611.0000
1299.7000 163749.6000
1300.8000 163888.2000
1301.9000 164026.8000
1303.0000 164165.4000
1304.1000 164304.0000
1305.2000 164442.6000
1306.3000 164581.2000
1307.4000 164719.8000
1308.5000 164858.4000
1309.6000 164997.0000
1310.7000 165135.6000
1311.8000 165274.2000
1312.9000 165412.8000
1314.0000 165551.4000
1315.1000 165690.0000
1316.2000 165828.6000
1317.3000 165967.2000
1318.4000 166105.8000
1319.5000 166244.4000
1320.6000 166383.0000
1321.7000 166521.6000
1322.8000 166660.2000
1323.9000 166798.8000
1325.0000 166937.4000
1326.1000 167076.0000
1327.2000 167214.6000
1328.3000 167353.2000
1329.4000 167491.8000
1330.5000 167630.4000
1331.6000 167769.0000
1332.7000 167907.6000
1333.8000 168046.2000
1334.9000 168184.8000
1336.0000 168323.4000
1337.1000 168462.0000
1338.2000 168600.6000
1339.3000 168739.2000
1340.4000 168877.8000
1341.5000 169016.4000
1342.6000 169155.0000
1343.7000 169293.6000
1344.8000 169432.2000
1345.9000 169570.8000
1347.0000 169709.4000
1348.1000 169848.0000
1349.2000 169986.6000
1350.3000 170125.2000
1351.4000 170263.8000
1352.5000 170402.4000
1353.6000 170541.0000
1354.7000 170679.6000
1355.8000 170818.2000
1356.9000 170956.8000
1358.0000 171095.4000
1359.1000 171234.0000
1360.2000 171372.6000
1361.3000 171511.2000
1362.4000 171649.8000
1363.5000 171788.4000
1364.6000 171927.0000
1365.7000 172065.6000
1366.8000 172204.2000
1367.9000 172342.8000
1369.0000 172481.4000
1370.1000 172620.0000
1371.2000 172758.6000
1372.3000 172897.2000
1373.4000 173035.8000
1374.5000 173174.4000
1375.6000 173313.0000
1376.7000 173451.6000
1377.8000 173590.2000
1378.9000 173728.8000
1380.0000 173867.4000
1381.1000 174006.0000
1382.2000 174144.6000
1383.3000 174283.2000
1384.4000 174421.8000
1385.5000 174560.4000
1386.6000 174699.0000
1387.7000 174837.6000
1388.8000 174976.2000
1389.9000 175114.8000
1391.0000 175253.4000
1392.1000 175392.0000
1393.2000 175530.6000
1394.3000 175669.2000
1395.4000 175807.8000
1396.5000 175946.4000
1397.6000 176085.0000
1398.7000 176223.6000
1399.8000 176362.2000
1400.9000 176500.8000
1402.0000 176639.4000
1403.1000 176778.0000
1404.2000 176916.6000
1405.3000 177055.2000
1406.4000 177193.8000
1407.5000 177332.4000
1408.6000 177471.0000
1409.7000 177609.6000
1410.8000 177748.2000
1411.9000 177886.8000
1413.0000 178025.4000
1414.1000 178164.0000
1415.2000 178302.6000
1416.3000 178441.2000
1417.4000 178579.8000
1418.5000 178718.4000
1419.6000 178857.0000
1420.7000 178995.6000
1421.8000 179134.2000
1422.9000 179272.8000
1424.0000 179411.4000
1425.1000 179550.0000
1426.2000 179688.6000
1427.3000 179827.2000
1428.4000 179965.8000
1429.5000 180104.4000
1430.6000 180243.0000
1431.7000 180381.6000
1432.8000 180520.2000
1433.9000 180658.8000
1435.0000 180797.4000
1436.1000 180936.0000
1437.2000 181074.6000
1438.3000 181213.2000
1439.4000 181351.8000
1440.5000 181490.4000
1441.6000 181629.0000
1442.7000 181767.6000
1443.8000 181906.2000
1444.9000 182044.8000
1446.0000 182183.4000
1447.1000 182322.0000
1448.2000 182460.6000
1449.3000 182599.2000
1450.4000 182737.8000
1451.5000 182876.4000
1452.6000 183015.0000
1453.7000 183153.6000
1454.8000 183292.2000
1455.9000 183430.8000
1457.0000 183569.4000
1458.1000 183708.0000
1459.2000 183846.6000
1460.3000 183985.2000
1461.4000 184123.8000
1462.5000 184262.4000
1463.6000 184401.0000
1464.7000 184539.6000
1465.8000 184678.2000
1466.9000 184816.8000
1468.0000 184955.4000
1469.1000 185094.0000
1470.2000 185232.6000
1471.3000 185371.2000
1472.4000 185509.8000
1473.5000 185648.4000
1474.6000 185787.0000
1475.7000 185925.6000
1476.8000 186064.2000
1477.9000 186202.8000
1479.0000 186341.4000
1480.1000 186480.0000
1481.2000 186618.6000
1482.3000 186757.2000
1483.4000 186895.8000
1484.5000 187034.4000
1485.6000 187173.0000
1486.7000 187311.6000
1487.8000 187450.2000
1488.9000 187588.8000
1490.0000 187727.4000
1491.1000 187866.0000
1492.2000 188004.6000
1493.3000 188143.2000
1494.4000 188281.8000
1495.5000 188420.4000
1496.6000 188559.0000
1497.7000 188697.6000
1498.8000 188836.2000
1499.9000 188974.8000
1501.0000 189113.4000
1502.1000 189252.0000
1503.2000 189390.6000
1504.3000 189529.2000
1505.4000 189667.8000
1506.5000 189806.4000
1507.6000 189945.0000
1508.7000 190083.6000
1509.8000 190222.2000
1510.9000 190360.8000
1512.0000 190499.4000
1513.1000 190638.0000
1514.2000 190776.6000
1515.3000 190915.2000
1516.4000 191053.8000
1517.5000 191192.4000
1518.6000 191331.0000
1519.7000 191469.6000
1520.8000 191608.2000
1521.9000 191746.8000
1523.0000 191885.4000
1524.1000 192024.0000
1525.2000 192162.6000
1526.3000 192301.2000
1527.4000 192439.8000
1528.5000 192578.4000
1529.6000 192717.0000
1530.7000 192855.6000
1531.8000 192994.2000
1532.9000 193132.8000
1534.0000 193271.4000
1535.1000 193410.0000
1536.2000 193548.6000
1537.3000 193687.2000
1538.4000 193825.8000
1539.5000 193964.4000
1540.6000 194103.0000
1541.7000 194241.6000
1542.8000 194380.2000
1543.9000 194518.8000
1545.0000 194657.4000
1546.1000 194796.0000
1547.2000 194934.6000
1548.3000 195073.2000
1549.4000 195211.8000
1550.5000 195350.4000
1551.6000 195489.0000
1552.7000 195627.6000
1553.8000 195766.2000
1554.9000 195904.8000
1556.0000 196043.4000
1557.1000 196182.0000
1558.2000 196320.6000
1559.3000 196459.2000
1560.4000 196597.8000
1561.5000 196736.4000
1562.6000 196875.0000
1563.7000 197013.6000
1564.8000 197152.2000
1565.9000 197290.8000
1567.0000 197429.4000
1568.1000 197568.0000
1569.2000 197706.6000
1570.3000 197845.2000
1571.4000 197983.8000
1572.5000 198122.4000
1573.6000 198261.0000
1574.7000 198399.6000
1575.8000 198538.2000
1576.9000 198676.8000
1578.0000 198815.4000
1579.1000 198954.0000
1580.2000 199092.6000
1581.3000 199231.2000
1582.4000 199369.8000
1583.5000 199508.4000
1584.6000 199647.0000
1585.7000 199785.6000
1586.8000 199924.2000
1587.9000 200062.8000
1589.0000 200201.4000
1590.1000 200340.0000
1591.2000 200478.6000
1592.3000 200617.2000
1593.4000 200755.8000
1594.5000 200894.4000
1595.6000 201033.0000
1596.7000 201171.6000
1597.8000 201310.2000
1598.9000 201448.8000
1600.0000 201587.4000
1601.1000 201726.0000
1602.2000 201864.6000
1603.3000 202003.2000
1604.4000 202141.8000
1605.5000 202280.4000
1606.6000 202419.0000
1607.7000 202557.6000
1608.8000 202696.2000
1609.9000 202834.8000
1611.0000 202973.4000
1612.1000 203112.0000
1613.2000 203250.6000
1614.3000 203389.2000
1615.4000 203527.8000
1616.5000 203666.4000
1617.6000 203805.0000
1618.7000 203943.6000
1619.8000 204082.2000
1620.9000 204220.8000
1622.0000 204359.4000
1623.1000 204498.0000
1624.2000 204636.6000
1625.3000 204775.2000
1626.4000 204913.8000
1627.5000 205052.4000
1628.6000 205191.0000
1629.7000 205329.6000
1630.8000 205468.2000
1631.9000 205606.8000
1633.0000 205745.4000
1634.1000 205884.0000
1635.2000 206022.6000
1636.3000 206161.2000
1637.4000 206299.8000
1638.5000 206438.4000
1639.6000 206577.0000
1640.7000 206715.6000
1641.8000 206854.2000
1642.9000 206992.8000
1644.0000 207131.4000
1645.1000 207270.0000
1646.2000 207408.6000
1647.3000 207547.2000
1648.4000 207685.8000
1649.5000 207824.4000
1650.6000 207963.0000
1651.7000 208101.6000
1652.8000 208240.2000
1653.9000 208378.8000
1655.0000 208517.4000
1656.1000 208656.0000
1657.2000 208794.6000
1658.3000 208933.2000
1659.4000 209071.8000
1660.5000 209210.4000
1661.6000 209349.0000
1662.7000 209487.6000
1663.8000 209626.2000
1664.9000 209764.8000
1666.0000 209903.4000
1667.1000 210042.0000
1668.2000 210180.6000
1669.3000 210319.2000
1670.4000 210457.8000
1671.5000 210596.4000
1672.6000 210735.0000
1673.7000 210873.6000
1674.8000 211012.2000
1675.9000 211150.8000
1677.0000 211289.4000
1678.1000 211428.0000
1679.2000 211566.6000
1680.3000 211705.2000
1681.4000 211843.8000
1682.5000 211982.4000
1683.6000 212121.0000
1684.7000 212259.6000
1685.8000 212398.2000
1686.9000 212536.8000
1688.0000 212675.4000
1689.1000 212814.0000
1690.2000 212952.6000
1691.3000 213091.2000
1692.4000 213229.8000
1693.5000 213368.4000
1694.6000 213507.0000
1695.7000 213645.6000
1696.8000 213784.2000
1697.9000 213922.8000
1699.0000 214061.4000
1700.1000 214200.0000
1701.2000 214338.6000
1702.3000 214477.2000
1703.4000 214615.8000
1704.5000 214754.4000
1705.6000 214893.0000
1706.7000 215031.6000
1707.8000 215170.2000
1708.9000 215308.8000
1710.0000 215447.4000
1711.1000 215586.0000
1712.2000 215724.6000
1713.3000 215863.2000
1714.4000 216001.8000
1715.5000 216140.4000
1716.6000 216279.0000
1717.7000 216417.6000
1718.8000 216556.2000
1719.9000 216694.8000
1721.0000 216833.4000
1722.1000 216972.0000
1723.2000 217110.6000
1724.3000 217249.2000
1725.4000 217387.8000
1726.5000 217526.4000
1727.6000 217665.0000
1728.7000 217803.6000
1729.8000 217942.2000
1730.9000 218080.8000
1732.0000 218219.4000
1733.1000 218358.0000
1734.2000 218496.6000
1735.3000 218635.2000
1736.4000 218773.8000
1737.5000 218912.4000
1738.6000 219051.0000
1739.7000 219189.6000
1740.8000 219328.2000
1741.9000 219466.8000
1743.0000 219605.4000
1744.1000 219744.0000
1745.2000 219882.6000
1746.3000 220021.2000
1747.4000 220159.8000
1748.5000 220298.4000
1749.6000 220437.0000
1750.7000 220575.6000
1751.8000 220714.2000
1752.9000 220852.8000
1754.0000 220991.4000
1755.1000 221130.0000
1756.2000 221268.6000
1757.3000 221407.2000
1758.4000 221545.8000
1759.5000 221684.4000
1760.6000 221823.0000
1761.7000 221961.6000
1762.8000 222100.2000
1763.9000 222238.8000
1765.0000 222377.4000
1766.1000 222516.0000
1767.2000 222654.6000
1768.3000 222793.2000
1769.4000 222931.8000
1770.5000 223070.4000
1771.6000 223209.0000
1772.7000 223347.6000
1773.8000 223486.2000
1774.9000 223624.8000
1776.0000 223763.4000
1777.1000 223902.0000
1778.2000 224040.6000
1779.3000 224179.2000
1780.4000 224317.8000
1781.5000 224456.4000
1782.6000 224595.0000
1783.7000 224733.6000
1784.8000 224872.2000
1785.9000 225010.8000
1787.0000 225149.4000
1788.1000 225288.0000
1789.2000 225426.6000
1790.3000 225565.2000
1791.4000 225703.8000
1792.5000 225842.4000
1793.6000 225981.0000
1794.7000 226119.6000
1795.8000 226258.2000
1796.9000 226396.8000
1798.0000 226535.4000
1799.1000 226674.0000
1800.2000 226812.6000
1801.3000 226951.2000
1802.4000 227089.8000
1803.5000 227228.4000
1804.6000 227367.0000
1805.7000 227505.6000
1806.8000 227644.2000
1807.9000 227782.8000
1809.0000 227921.4000
1810.1000 228060.0000
1811.2000 228198.6000
1812.3000 228337.2000
1813.4000 228475.8000
1814.5000 228614.4000
1815.6000 228753.0000
1816.7000 228891.6000
1817.8000 229030.2000
1818.9000 229168.8000
1820.0000 229307.4000
1821.1000 229446.0000
1822.2000 229584.6000
1823.3000 229723.2000
1824.4000 229861.8000
1825.5000 230000.4000
1826.6000 230139.0000
1827.7000 230277.6000
1828.8000 230416.2000
1829.9000 230554.8000
1831.0000 230693.4000
1832.1000 230832.0000
1833.2000 230970.6000
1834.3000 231109.2000
1835.4000 231247.8000
1836.5000 231386.4000
1837.6000 231525.0000
1838.7000 231663.6000
1839.8000 231802.2000
1840.9000 231940.8000
1842.0000 232079.4000
1843.1000 232218.0000
1844.2000 232356.6000
1845.3000 232495.2000
1846.4000 232633.8000
1847.5000 232772.4000
1848.6000 232911.0000
1849.7000 233049.6000
1850.8000 233188.2000
1851.9000 233326.8000
1853.0000 233465.4000
1854.1000 233604.0000
1855.2000 233742.6000
1856.3000 233881.2000
1857.4000 234019.8000
1858.5000 234158.4000
1859.6000 234297.0000
1860.7000 234435.6000
1861.8000 234574.2000
1862.9000 234712.8000
1864.0000 234851.4000
1865.1000 234990.0000
1866.2000 235128.6000
1867.3000 235267.2000
1868.4000 235405.8000
1869.5000 235544.4000
1870.6000 235683.0000
1871.7000 235821.6000
1872.8000 235960.2000
1873.9000 236098.8000
1875.0000 236237.4000
1876.1000 236376.0000
1877.2000 236514.6000
1878.3000 236653.2000
1879.4000 236791.8000
1880.5000 236930.4000
1881.6000 237069.0000
1882.7000 237207.6000
1883.8000 237346.2000
1884.9000 237484.8000
1886.0000 237623.4000
1887.1000 237762.0000
1888.2000 237900.6000
1889.3000 238039.2000
1890.4000 238177.8000
1891.5000 238316.4000
1892.6000 238455.0000
1893.7000 238593.6000
1894.8000 238732.2000
1895.9000 238870.8000
1897.0000 239009.4000
1898.1000 239148.0000
1899.2000 239286.6000
1900.3000 239425.2000
1901.4000 239563.8000
1902.5000 239702.4000
1903.6000 239841.0000
1904.7000 239979.6000
1905.8000 240118.2000
1906.9000 240256.8000
1908.0000 240395.4000
1909.1000 240534.0000
1910.2000 240672.6000
1911.3000 240811.2000
1912.4000 240949.8000
1913.5000 241088.4000
1914.6000 241227.0000
1915.7000 241365.6000
1916.8000 241504.2000
1917.9000 241642.8000
1919.0000 241781.4000
1920.1000 241920.0000
1921.2000 242058.6000
1922.3000 242197.2000
1923.4000 242335.8000
1924.5000 242474.4000
1925.6000 242613.0000
1926.7000 242751.6000
1927.8000 242890.2000
1928.9000 243028.8000
1930.0000 243167.4000
1931.1000 243306.0000
1932.2000 243444.6000
1933.3000 243583.2000
1934.4000 243721.8000
1935.5000 243860.4000
1936.6000 243999.0000
1937.7000 244137.6000
1938.8000 244276.2000
1939.9000 244414.8000
1941.0000 244553.4000
1942.1000 244692.0000
1943.2000 244830.6000
1944.3000 244969.2000
1945.4000 245107.8000
1946.5000 245246.4000
1947.6000 245385.0000
1948.7000 245523.6000
1949.8000 245662.2000
1950.9000 245800.8000
1952.0000 245939.4000
1953.1000 246078.0000
1954.2000 246216.6000
1955.3000 246355.2000
1956.4000 246493.8000
1957.5000 246632.4000
1958.6000 246771.0000
1959.7000 246909.6000
1960.8000 247048.2000
1961.9000 247186.8000
1963.0000 247325.4000
1964.1000 247464.0000
1965.2000 247602.6000
1966.3000 247741.2000
1967.4000 247879.8000
1968.5000 248018.4000
1969.6000 248157.0000
1970.7000 248295.6000
1971.8000 248434.2000
1972.9000 248572.8000
1974.0000 248711.4000
1975.1000 248850.0000
1976.2000 248988.6000
1977.3000 249127.2000
1978.4000 249265.8000
1979.5000 249404.4000
1980.6000 249543.0000
1981.7000 249681.6000
1982.8000 249820.2000
1983.9000 249958.8000
1985.0000 250097.4000
1986.1000 250236.0000
1987.2000 250374.6000
1988.3000 250513.2000
1989.4000 250651.8000
1990.5000 250790.4000
1991.6000 250929.0000
1992.7000 251067.6000
1993.8000 251206.2000
1994.9000 251344.8000
1996.0000 251483.4000
1997.1000 251622.0000
1998.2000 251760.6000
1999.3000 251899.2000
2000.4000 252037.8000
2001.5000 252176.4000
2002.6000 252315.0000
2003.7000 252453.6000
2004.8000 252592.2000
2005.9000 252730.8000
2007.0000 252869.4000
2008.1000 253008.0000
2009.2000 253146.6000
2010.3000 253285.2000
2011.4000 253423.8000
2012.5000 253562.4000
2013.6000 253701.0000
2014.7000 253839.6000
2015.8000 253978.2000
2016.9000 254116.8000
2018.0000 254255.4000
2019.1000 254394.0000
2020.2000 254532.6000
2021.3000 254671.2000
2022.4000 254809.8000
2023.5000 254948.4000
2024.6000 255087.0000
2025.7000 255225.6000
2026.8000 255364.2000
2027.9000 255502.8000
2029.0000 255641.4000
2030.1000 255780.0000
2031.2000 255918.6000
2032.3000 256057.2000
2033.4000 256195.8000
2034.5000 256334.4000
2035.6000 256473.0000
2036.7000 256611.6000
2037.8000 256750.2000
2038.9000 256888.8000
2040.0000 257027.4000
2041.1000 257166.0000
2042.2000 257304.6000
2043.3000 257443.2000
2044.4000 257581.8000
2045.5000 257720.4000
2046.6000 257859.0000
2047.7000 257997.6000
2048.8000 258136.2000
2049.9000 258274.8000
2051.0000 258413.4000
2052.1000 258552.0000
2053.2000 258690.6000
2054.3000 258829.2000
2055.4000 258967.8000
2056.5000 259106.4000
2057.6000 259245.0000
2058.7000 259383.6000
2059.8000 259522.2000
2060.9000 259660.8000
2062.0000 259799.4000
2063.1000 259938.0000
2064.2000 260076.6000
2065.3000 260215.2000
2066.4000 260353.8000
2067.5000 260492.4000
2068.6000 260631.0000
2069.7000 260769.6000
2070.8000 260908.2000
2071.9000 261046.8000
2073.0000 261185.4000
2074.1000 261324.0000
2075.2000 261462.6000
2076.3000 261601.2000
2077.4000 261739.8000
2078.5000 261878.4000
2079.6000 262017.0000
2080.7000 262155.6000
2081.8000 262294.2000
2082.9000 262432.8000
2084.0000 262571.4000
2085.1000 262710.0000
2086.2000 262848.6000
2087.3000 262987.2000
2088.4000 263125.8000
2089.5000 263264.4000
2090.6000 263403.0000
2091.7000 263541.6000
2092.8000 263680.2000
2093.9000 263818.8000
2095.0000 263957.4000
2096.1000 264096.0000
2097.2000 264234.6000
2098.3000 264373.2000
2099.4000 264511.8000
2100.5000 264650.4000
2101.6000 264789.0000
2102.7000 264927.6000
2103.8000 265066.2000
2104.9000 265204.8000
2106.0000 265343.4000
2107.1000 265482.0000
2108.2000 265620.6000
2109.3000 265759.2000
2110.4000 265897.8000
2111.5000 266036.4000
2112.6000 266175.0000
2113.7000 266313.6000
2114.8000 266452.2000
2115.9000 266590.8000
2117.0000 266729.4000
2118.1000 266868.0000
2119.2000 267006.6000
2120.3000 267145.2000
2121.4000 267283.8000
2122.5000 267422.4000
2123.6000 267561.0000
2124.7000 267699.6000
2125.8000 267838.2000
2126.9000 267976.8000
2128.0000 268115.4000
2129.1000 268254.0000
2130.2000 268392.6000
2131.3000 268531.2000
2132.4000 268669.8000
2133.5000 268808.4000
2134.6000 268947.0000
2135.7000 269085.6000
2136.8000 269224.2000
2137.9000 269362.8000
2139.0000 269501.4000
2140.1000 269640.0000
2141.2000 269778.6000
2142.3000 269917.2000
2143.4000 270055.8000
2144.5000 270194.4000
2145.6000 270333.0000
2146.7000 270471.6000
2147.8000 270610.2000
2148.9000 270748.8000
2150.0000 270887.4000
2151.1000 271026.0000
2152.2000 271164.6000
2153.3000 271303.2000
2154.4000 271441.8000
2155.5000 271580.4000
2156.6000 271719.0000
2157.7000 271857.6000
2158.8000 271996.2000
2159.9000 272134.8000
2161.0000 272273.4000
2162.1000 272412.0000
2163.2000 272550.6000
2164.3000 272689.2000
2165.4000 272827.8000
2166.5000 272966.4000
2167.6000 273105.0000
2168.7000 273243.6000
2169.8000 273382.2000
2170.9000 273520.8000
2172.0000 273659.4000
2173.1000 273798.0000
2174.2000 273936.6000
2175.3000 274075.2000
2176.4000 274213.8000
2177.5000 274352.4000
2178.6000 274491.0000
2179.7000 274629.6000
2180.8000 274768.2000
2181.9000 274906.8000
2183.0000 275045.4000
2184.1000 275184.0000
2185.2000 275322.6000
2186.3000 275461.2000
2187.4000 275599.8000
2188.5000 275738.4000
2189.6000 275877.0000
2190.7000 276015.6000
2191.8000 276154.2000
2192.9000 276292.8000
2194.0000 276431.4000
2195.1000 276570.0000
2196.2000 276708.6000
2197.3000 276847.2000
2198.4000 276985.8000
2199.5000 277124.4000
2200.6000 277263.0000
2201.7000 277401.6000
2202.8000 277540.2000
2203.9000 277678.8000
2205.0000 277817.4000
2206.1000 277956.0000
2207.2000 278094.6000
2208.3000 278233.2000
2209.4000 278371.8000
2210.5000 278510.4000
2211.6000 278649.0000
2212.7000 278787.6000
2213.8000 278926.2000
2214.9000 279064.8000
2216.0000 279203.4000
2217.1000 279342.0000
2218.2000 279480.6000
2219.3000 279619.2000
2220.4000 279757.8000
2221.5000 279896.4000
2222.6000 280035.0000
2223.7000 280173.6000
2224.8000 280312.2000
2225.9000 280450.8000
2227.0000 280589.4000
2228.1000 280728.0000
2229.2000 280866.6000
2230.3000 281005.2000
2231.4000 281143.8000
2232.5000 281282.4000
2233.6000 281421.0000
2234.7000 281559.6000
2235.8000 281698.2000
2236.9000 281836.8000
2238.0000 281975.4000
2239.1000 282114.0000
2240.2000 282252.6000
2241.3000 282391.2000
2242.4000 282529.8000
2243.5000 282668.4000
2244.6000 282807.0000
2245.7000 282945.6000
2246.8000 283084.2000
2247.9000 283222.8000
2249.0000 283361.4000
2250.1000 283500.0000
2251.2000 283638.6000
2252.3000 283777.2000
2253.4000 283915.8000
2254.5000 284054.4000
2255.6000 284193.0000
2256.7000 284331.6000
2257.8000 284470.2000
2258.9000 284608.8000
2260.0000 284747.4000
2261.1000 284886.0000
2262.2000 285024.6000
2263.3000 285163.2000
2264.4000 285301.8000
2265.5000 285440.4000
2266.6000 285579.0000
2267.7000 285717.6000
2268.8000 285856.2000
2269.9000 285994.8000
2271.0000 286133.4000
2272.1000 286272.0000
2273.2000 286410.6000
2274.3000 286549.2000
2275.4000 286687.8000
2276.5000 286826.4000
2277.6000 286965.0000
2278.7000 287103.6000
2279.8000 287242.2000
2280.9000 287380.8000
2282.0000 287519.4000
2283.1000 287658.0000
2284.2000 287796.6000
2285.3000 287935.2000
2286.4000 288073.8000
2287.5000 288212.4000
2288.6000 288351.0000
2289.7000 288489.6000
2290.8000 288628.2000
2291.9000 288766.8000
2293.0000 288905.4000
2294.1000 289044.0000
2295.2000 289182.6000
2296.3000 289321.2000
2297.4000 289459.8000
2298.5000 289598.4000
2299.6000 289737.0000
2300.7000 289875.6000
2301.8000 290014.2000
2302.9000 290152.8000
2304.0000 290291.4000
2305.1000 290430.0000
2306.2000 290568.6000
2307.3000 290707.2000
2308.4000 290845.8000
2309.5000 290984.4000
2310.6000 291123.0000
2311.7000 291261.6000
2312.8000 291400.2000
2313.9000 291538.8000
2315.0000 291677.4000
2316.1000 291816.0000
2317.2000 291954.6000
2318.3000 292093.2000
2319.4000 292231.8000
2320.5000 292370.4000
2321.6000 292509.0000
2322.7000 292647.6000
2323.8000 292786.2000
2324.9000 292924.8000
2326.0000 293063.4000
2327.1000 293202.0000
2328.2000 293340.6000
2329.3000 293479.2000
2330.4000 293617.8000
2331.5000 293756.4000
2332.6000 293895.0000
2333.7000 294033.6000
2334.8000 294172.2000
2335.9000 294310.8000
2337.0000 294449.4000
2338.1000 294588.0000
2339.2000 294726.6000
2340.3000 294865.2000
2341.4000 295003.8000
2342.5000 295142.4000
2343.6000 295281.0000
2344.7000 295419.6000
2345.8000 295558.2000
2346.9000 295696.8000
2348.0000 295835.4000
2349.1000 295974.0000
2350.2000 296112.6000
2351.3000 296251.2000
2352.4000 296389.8000
2353.5000 296528.4000
2354.6000 296667.0000
2355.7000 296805.6000
2356.8000 296944.2000
2357.9000 297082.8000
2359.0000 297221.4000
2360.1000 297360.0000
2361.2000 297498.6000
2362.3000 297637.2000
2363.4000 297775.8000
2364.5000 297914.4000
2365.6000 298053.0000
2366.7000 298191.6000
2367.8000 298330.2000
2368.9000 298468.8000
2370.0000 298607.4000
2371.1000 298746.0000
2372.2000 298884.6000
2373.3000 299023.2000
2374.4000 299161.8000
2375.5000 299300.4000
2376.6000 299439.0000
2377.7000 299577.6000
2378.8000 299716.2000
2379.9000 299854.8000
2381.0000 299993.4000
2382.1000 300132.0000
2383.2000 300270.6000
2384.3000 300409.2000
2385.4000 300547.8000
2386.5000 300686.4000
2387.6000 300825.0000
2388.7000 300963.6000
2389.8000 301102.2000
2390.9000 301240.8000
2392.0000 301379.4000
2393.1000 301518.0000
2394.2000 301656.6000
2395.3000 301795.2000
2396.4000 301933.8000
2397.5000 302072.4000
2398.6000 302211.0000
2399.7000 302349.6000
2400.8000 302488.2000
2401.9000 302626.8000
2403.0000 302765.4000
2404.1000 302904.0000
2405.2000 303042.6000
2406.3000 303181.2000
2407.4000 303319.8000
2408.5000 303458.4000
2409.6000 303597.0000
2410.7000 303735.6000
2411.8000 303874.2000
2412.9000 304012.8000
2414.0000 304151.4000
2415.1000 304290.0000
2416.2000 304428.6000
2417.3000 304567.2000
2418.4000 304705.8000
2419.5000 304844.4000
2420.6000 304983.0000
2421.7000 305121.6000
2422.8000 305260.2000
2423.9000 305398.8000
2425.0000 305537.4000
2426.1000 305676.0000
2427.2000 305814.6000
2428.3000 305953.2000
2429.4000 306091.8000
2430.5000 306230.4000
2431.6000 306369.0000
2432.7000 306507.6000
2433.8000 306646.2000
2434.9000 306784.8000
2436.0000 306923.4000
2437.1000 307062.0000
2438.2000 307200.6000
2439.3000 307339.2000
2440.4000 307477.8000
2441.5000 307616.4000
2442.6000 307755.0000
2443.7000 307893.6000
2444.8000 308032.2000
2445.9000 308170.8000
2447.0000 308309.4000
2448.1000 308448.0000
2449.2000 308586.6000
2450.3000 308725.2000
2451.4000 308863.8000
2452.5000 309002.4000
2453.6000 309141.0000
2454.7000 309279.6000
2455.8000 309418.2000
2456.9000 309556.8000
2458.0000 309695.4000
2459.1000 309834.0000
2460.2000 309972.6000
2461.3000 310111.2000
2462.4000 310249.8000
2463.5000 310388.4000
2464.6000 310527.0000
2465.7000 310665.6000
2466.8000 310804.2000
2467.9000 310942.8000
2469.0000 311081.4000
2470.1000 311220.0000
2471.2000 311358.6000
2472.3000 311497.2000
2473.4000 311635.8000
2474.5000 311774.4000
2475.6000 311913.0000
2476.7000 312051.6000
2477.8000 312190.2000
2478.9000 312328.8000
2480.0000 312467.4000
2481.1000 312606.0000
2482.2000 312744.6000
2483.3000 312883.2000
2484.4000 313021.8000
2485.5000 313160.4000
2486.6000 313299.0000
2487.7000 313437.6000
2488.8000 313576.2000
2489.9000 313714.8000
2491.0000 313853.4000
2492.1000 313992.0000
2493.2000 314130.6000
2494.3000 314269.2000
2495.4000 314407.8000
2496.5000 314546.4000
2497.6000 314685.0000
2498.7000 314823.6000
2499.8000 314962.2000
2500.9000 315100.8000
2502.0000 315239.4000
2503.1000 315378.0000
2504.2000 315516.6000
2505.3000 315655.2000
2506.4000 315793.8000
2507.5000 315932.4000
2508.6000 316071.0000
2509.7000 316209.6000
2510.8000 316348.2000
2511.9000 316486.8000
2513.0000 316625.4000
2514.1000 316764.0000
2515.2000 316902.6000
2516.3000 317041.2000
2517.4000 317179.8000
2518.5000 317318.4000
2519.6000 317457.0000
2520.7000 317595.6000
2521.8000 317734.2000
2522.9000 317872.8000
2524.0000 318011.4000
2525.1000 318150.0000
2526.2000 318288.6000
2527.3000 318427.2000
2528.4000 318565.8000
2529.5000 318704.4000
2530.6000 318843.0000
2531.7000 318981.6000
2532.8000 319120.2000
2533.9000 319258.8000
2535.0000 319397.4000
2536.1000 319536.0000
2537.2000 319674.6000
2538.3000 319813.2000
2539.4000 319951.8000
2540.5000 320090.4000
2541.6000 320229.0000
2542.7000 320367.6000
2543.8000 320506.2000
2544.9000 320644.8000
2546.0000 320783.4000
2547.1000 320922.0000
2548.2000 321060.6000
2549.3000 321199.2000
2550.4000 321337.8000
2551.5000 321476.4000
2552.6000 321615.0000
2553.7000 321753.6000
2554.8000 321892.2000
2555.9000 322030.8000
2557.0000 322169.4000
2558.1000 322308.0000
2559.2000 322446.6000
2560.3000 322585.2000
2561.4000 322723.8000
2562.5000 322862.4000
2563.6000 323001.0000
2564.7000 323139.6000
2565.8000 323278.2000
2566.9000 323416.8000
2568.0000 323555.4000
2569.1000 323694.0000
2570.2000 323832.6000
2571.3000 323971.2000
2572.4000 324109.8000
2573.5000 324248.4000
2574.6000 324387.0000
2575.7000 324525.6000
2576.8000 324664.2000
2577.9000 324802.8000
2579.0000 324941.4000
2580.1000 325080.0000
2581.2000 325218.6000
2582.3000 325357.2000
2583.4000 325495.8000
2584.5000 325634.4000
2585.6000 325773.0000
2586.7000 325911.6000
2587.8000 326050.2000
2588.9000 326188.8000
2590.0000 326327.4000
2591.1000 326466.0000
2592.2000 326604.6000
2593.3000 326743.2000
2594.4000 326881.8000
2595.5000 327020.4000
2596.6000 327159.0000
2597.7000 327297.6000
2598.8000 327436.2000
2599.9000 327574.8000
2601.0000 327713.4000
2602.1000 327852.0000
2603.2000 327990.6000
2604.3000 328129.2000
2605.4000 328267.8000
2606.5000 328406.4000
2607.6000 328545.0000
2608.7000 328683.6000
2609.8000 328822.2000
2610.9000 328960.8000
2612.0000 329099.4000
2613.1000 329238.0000
2614.2000 329376.6000
2615.3000 329515.2000
2616.4000 329653.8000
2617.5000 329792.4000
2618.6000 329931.0000
2619.7000 330069.6000
2620.8000 330208.2000
2621.9000 330346.8000
2623.0000 330485.4000
2624.1000 330624.0000
2625.2000 330762.6000
2626.3000 330901.2000
2627.4000 331039.8000
2628.5000 331178.4000
2629.6000 331317.0000
2630.7000 331455.6000
2631.8000 331594.2000
2632.9000 331732.8000
2634.0000 331871.4000
2635.1000 332010.0000
2636.2000 332148.6000
2637.3000 332287.2000
2638.4000 332425.8000
2639.5000 332564.4000
2640.6000 332703.0000
2641.7000 332841.6000
2642.8000 332980.2000
2643.9000 333118.8000
2645.0000 333257.4000
2646.1000 333396.0000
2647.2000 333534.6000
2648.3000 333673.2000
2649.4000 333811.8000
2650.5000 333950.4000
2651.6000 334089.0000
2652.7000 334227.6000
2653.8000 334366.2000
2654.9000 334504.8000
2656.0000 334643.4000
2657.1000 334782.0000
2658.2000 334920.6000
2659.3000 335059.2000
2660.4000 335197.8000
2661.5000 335336.4000
2662.6000 335475.0000
2663.7000 335613.6000
2664.8000 335752.2000
2665.9000 335890.8000
2667.0000 336029.4000
2668.1000 336168.0000
2669.2000 336306.6000
2670.3000 336445.2000
2671.4000 336583.8000
2672.5000 336722.4000
2673.6000 336861.0000
2674.7000 336999.6000
2675.8000 337138.2000
2676.9000 337276.8000
2678.0000 337415.4000
2679.1000 337554.0000
2680.2000 337692.6000
2681.3000 337831.2000
2682.4000 337969.8000
2683.5000 338108.4000
2684.6000 338247.0000
2685.7000 338385.6000
2686.8000 338524.2000
2687.9000 338662.8000
2689.0000 338801.4000
2690.1000 338940.0000
2691.2000 339078.6000
2692.3000 339217.2000
2693.4000 339355.8000
2694.5000 339494.4000
2695.6000 339633.0000
2696.7000 339771.6000
2697.8000 339910.2000
2698.9000 340048.8000
2700.0000 340187.4000
2701.1000 340326.0000
2702.2000 340464.6000
2703.3000 340603.2000
2704.4000 340741.8000
2705.5000 340880.4000
2706.6000 341019.0000
2707.7000 341157.6000
2708.8000 341296.2000
2709.9000 341434.8000
2711.0000 341573.4000
2712.1000 341712.0000
2713.2000 341850.6000
2714.3000 341989.2000
2715.4000 342127.8000
2716.5000 342266.4000
2717.6000 342405.0000
2718.7000 342543.6000
2719.8000 342682.2000
2720.9000 342820.8000
2722.0000 342959.4000
2723.1000 343098.0000
2724.2000 343236.6000
2725.3000 343375.2000
2726.4000 343513.8000
2727.5000 343652.4000
2728.6000 343791.0000
2729.7000 343929.6000
2730.8000 344068.2000
2731.9000 344206.8000
2733.0000 344345.4000
2734.1000 344484.0000
2735.2000 344622.6000
2736.3000 344761.2000
2737.4000 344899.8000
2738.5000 345038.4000
2739.6000 345177.0000
2740.7000 345315.6000
2741.8000 345454.2000
2742.9000 345592.8000
2744.0000 345731.4000
2745.1000 345870.0000
2746.2000 346008.6000
2747.3000 346147.2000
2748.4000 346285.8000
2749.5000 346424.4000
2750.6000 346563.0000
2751.7000 346701.6000
2752.8000 346840.2000
2753.9000 346978.8000
2755.0000 347117.4000
2756.1000 347256.0000
2757.2000 347394.6000
2758.3000 347533.2000
2759.4000 347671.8000
2760.5000 347810.4000
2761.6000 347949.0000
2762.7000 348087.6000
2763.8000 348226.2000
2764.9000 348364.8000
2766.0000 348503.4000
2767.1000 348642.0000
2768.2000 348780.6000
2769.3000 348919.2000
2770.4000 349057.8000
2771.5000 349196.4000
2772.6000 349335.0000
2773.7000 349473.6000
2774.8000 349612.2000
2775.9000 349750.8000
2777.0000 349889.4000
2778.1000 350028.0000
2779.2000 350166.6000
2780.3000 350305.2000
2781.4000 350443.8000
2782.5000 350582.4000
2783.6000 350721.0000
2784.7000 350859.6000
2785.8000 350998.2000
2786.9000 351136.8000
2788.0000 351275.4000
2789.1000 351414.0000
2790.2000 351552.6000
2791.3000 351691.2000
2792.4000 351829.8000
2793.5000 351968.4000
2794.6000 352107.0000
2795.7000 352245.6000
2796.8000 352384.2000
2797.9000 352522.8000
2799.0000 352661.4000
2800.1000 352800.0000
2801.2000 352938.6000
2802.3000 353077.2000
2803.4000 353215.8000
2804.5000 353354.4000
2805.6000 353493.0000
2806.7000 353631.6000
2807.8000 353770.2000
2808.9000 353908.8000
2810.0000 354047.4000
2811.1000 354186.0000
2812.2000 354324.6000
2813.3000 354463.2000
2814.4000 354601.8000
2815.5000 354740.4000
2816.6000 354879.0000
2817.7000 355017.6000
2818.8000 355156.2000
2819.9000 355294.8000
2821.0000 355433.4000
2822.1000 355572.0000
2823.2000 355710.6000
2824.3000 355849.2000
2825.4000 355987.8000
2826.5000 356126.4000
2827.6000 356265.0000
2828.7000 356403.6000
2829.8000 356542.2000
2830.9000 356680.8000
2832.0000 356819.4000
2833.1000 356958.0000
2834.2000 357096.6000
2835.3000 357235.2000
2836.4000 357373.8000
2837.5000 357512.4000
2838.6000 357651.0000
2839.7000 357789.6000
2840.8000 357928.2000
2841.9000 358066.8000
2843.0000 358205.4000
2844.1000 358344.0000
2845.2000 358482.6000
2846.3000 358621.2000
2847.4000 358759.8000
2848.5000 358898.4000
2849.6000 359037.0000
2850.7000 359175.6000
2851.8000 359314.2000
2852.9000 359452.8000
2854.0000 359591.4000
2855.1000 359730.0000
2856.2000 359868.6000
2857.3000 360007.2000
2858.4000 360145.8000
2859.5000 360284.4000
2860.6000 360423.0000
2861.7000 360561.6000
2862.8000 360700.2000
2863.9000 360838.8000
2865.0000 360977.4000
2866.1000 361116.0000
2867.2000 361254.6000
2868.3000 361393.2000
2869.4000 361531.8000
2870.5000 361670.4000
2871.6000 361809.0000
2872.7000 361947.6000
2873.8000 362086.2000
2874.9000 362224.8000
2876.0000 362363.4000
2877.1000 362502.0000
2878.2000 362640.6000
2879.3000 362779.2000
2880.4000 362917.8000
2881.5000 363056.4000
2882.6000 363195.0000
2883.7000 363333.6000
2884.8000 363472.2000
2885.9000 363610.8000
2887.0000 363749.4000
2888.1000 363888.0000
2889.2000 364026.6000
2890.3000 364165.2000
2891.4000 364303.8000
2892.5000 364442.4000
2893.6000 364581.0000
2894.7000 364719.6000
2895.8000 364858.2000
2896.9000 364996.8000
2898.0000 365135.4000
2899.1000 365274.0000
2900.2000 365412.6000
2901.3000 365551.2000
2902.4000 365689.8000
2903.5000 365828.4000
2904.6000 365967.0000
2905.7000 366105.6000
2906.8000 366244.2000
2907.9000 366382.8000
2909.0000 366521.4000
2910.1000 366660.0000
2911.2000 366798.6000
2912.3000 366937.2000
2913.4000 367075.8000
2914.5000 367214.4000
2915.6000 367353.0000
2916.7000 367491.6000
2917.8000 367630.2000
2918.9000 367768.8000
2920.0000 367907.4000
2921.1000 368046.0000
2922.2000 368184.6000
2923.3000 368323.2000
2924.4000 368461.8000
2925.5000 368600.4000
2926.6000 368739.0000
2927.7000 368877.6000
2928.8000 369016.2000
2929.9000 369154.8000
2931.0000 369293.4000
2932.1000 369432.0000
2933.2000 369570.6000
2934.3000 369709.2000
2935.4000 369847.8000
2936.5000 369986.4000
2937.6000 370125.0000
2938.7000 370263.6000
2939.8000 370402.2000
2940.9000 370540.8000
2942.0000 370679.4000
2943.1000 370818.0000
2944.2000 370956.6000
2945.3000 371095.2000
2946.4000 371233.8000
2947.5000 371372.4000
2948.6000 371511.0000
2949.7000 371649.6000
2950.8000 371788.2000
2951.9000 371926.8000
2953.0000 372065.4000
2954.1000 372204.0000
2955.2000 372342.6000
2956.3000 372481.2000
2957.4000 372619.8000
2958.5000 372758.4000
2959.6000 372897.0000
2960.7000 373035.6000
2961.8000 373174.2000
2962.9000 373312.8000
2964.0000 373451.4000
2965.1000 373590.0000
2966.2000 373728.6000
2967.3000 373867.2000
2968.4000 374005.8000
2969.5000 374144.4000
2970.6000 374283.0000
2971.7000 374421.6000
2972.8000 374560.2000
2973.9000 374698.8000
2975.0000 374837.4000
2976.1000 374976.0000
2977.2000 375114.6000
2978.3000 375253.2000
2979.4000 375391.8000
2980.5000 375530.4000
2981.6000 375669.0000
2982.7000 375807.6000
2983.8000 375946.2000
2984.9000 376084.8000
2986.0000 376223.4000
2987.1000 376362.0000
2988.2000 376500.6000
2989.3000 376639.2000
2990.4000 376777.8000
2991.5000 376916.4000
2992.6000 377055.0000
2993.7000 377193.6000
2994.8000 377332.2000
2995.9000 377470.8000
2997.0000 377609.4000
2998.1000 377748.0000
2999.2000 377886.6000
3000.3000 378025.2000
3001.4000 378163.8000
3002.5000 378302.4000
3003.6000 378441.0000
3004.7000 378579.6000
3005.8000 378718.2000
3006.9000 378856.8000
3008.0000 378995.4000
3009.1000 379134.0000
3010.2000 379272.6000
3011.3000 379411.2000
3012.4000 379549.8000
3013.5000 379688.4000
3014.6000 379827.0000
3015.7000 379965.6000
3016.8000 380104.2000
3017.9000 380242.8000
3019.0000 380381.4000
3020.1000 380520.0000
3021.2000 380658.6000
3022.3000 380797.2000
3023.4000 380935.8000
3024.5000 381074.4000
3025.6000 381213.0000
3026.7000 381351.6000
3027.8000 381490.2000
3028.9000 381628.8000
3030.0000 381767.4000
3031.1000 381906.0000
3032.2000 382044.6000
3033.3000 382183.2000
3034.4000 382321.8000
3035.5000 382460.4000
3036.6000 382599.0000
3037.7000 382737.6000
3038.8000 382876.2000
3039.9000 383014.8000
3041.0000 383153.4000
3042.1000 383292.0000
3043.2000 383430.6000
3044.3000 383569.2000
3045.4000 383707.8000
3046.5000 383846.4000
3047.6000 383985.0000
3048.7000 384123.6000
3049.8000 384262.2000
3050.9000 384400.8000
3052.0000 384539.4000
3053.1000 384678.0000
3054.2000 384816.6000
3055.3000 384955.2000
3056.4000 385093.8000
3057.5000 385232.4000
3058.6000 385371.0000
3059.7000 385509.6000
3060.8000 385648.2000
3061.9000 385786.8000
3063.0000 385925.4000
3064.1000 386064.0000
3065.2000 386202.6000
3066.3000 386341.2000
3067.4000 386479.8000
3068.5000 386618.4000
3069.6000 386757.0000
3070.7000 386895.6000
3071.8000 387034.2000
3072.9000 387172.8000
3074.0000 387311.4000
3075.1000 387450.0000
3076.2000 387588.6000
3077.3000 387727.2000
3078.4000 387865.8000
3079.5000 388004.4000
3080.6000 388143.0000
3081.7000 388281.6000
3082.8000 388420.2000
3083.9000 388558.8000
3085.0000 388697.4000
3086.1000 388836.0000
3087.2000 388974.6000
3088.3000 389113.2000
3089.4000 389251.8000
3090.5000 389390.4000
3091.6000 389529.0000
3092.7000 389667.6000
3093.8000 389806.2000
3094.9000 389944.8000
3096.0000 390083.4000
3097.1000 390222.0000
3098.2000 390360.6000
3099.3000 390499.2000
3100.4000 390637.8000
3101.5000 390776.4000
3102.6000 390915.0000
3103.7000 391053.6000
3104.8000 391192.2000
3105.9000 391330.8000
3107.0000 391469.4000
3108.1000 391608.0000
3109.2000 391746.6000
3110.3000 391885.2000
3111.4000 392023.8000
3112.5000 392162.4000
3113.6000 392301.0000
3114.7000 392439.6000
3115.8000 392578.2000
3116.9000 392716.8000
3118.0000 392855.4000
3119.1000 392994.0000
3120.2000 393132.6000
3121.3000 393271.2000
3122.4000 393409.8000
3123.5000 393548.4000
3124.6000 393687.0000
3125.7000 393825.6000
3126.8000 393964.2000
3127.9000 394102.8000
3129.0000 394241.4000
3130.1000 394380.0000
3131.2000 394518.6000
3132.3000 394657.2000
3133.4000 394795.8000
3134.5000 394934.4000
3135.6000 395073.0000
3136.7000 395211.6000
3137.8000 395350.2000
3138.9000 395488.8000
3140.0000 395627.4000
3141.1000 395766.0000
3142.2000 395904.6000
3143.3000 396043.2000
3144.4000 396181.8000
3145.5000 396320.4000
3146.6000 396459.0000
3147.7000 396597.6000
3148.8000 396736.2000
3149.9000 396874.8000
3151.0000 397013.4000
3152.1000 397152.0000
3153.2000 397290.6000
3154.3000 397429.2000
3155.4000 397567.8000
3156.5000 397706.4000
3157.6000 397845.0000
3158.7000 397983.6000
3159.8000 398122.2000
3160.9000 398260.8000
3162.0000 398399.4000
3163.1000 398538.0000
3164.2000 398676.6000
3165.3000 398815.2000
3166.4000 398953.8000
3167.5000 399092.4000
3168.6000 399231.0000
3169.7000 399369.6000
3170.8000 399508.2000
3171.9000 399646.8000
3173.0000 399785.4000
3174.1000 399924.0000
3175.2000 400062.6000
3176.3000 400201.2000
3177.4000 400339.8000
3178.5000 400478.4000
3179.6000 400617.0000
3180.7000 400755.6000
3181.8000 400894.2000
3182.9000 401032.8000
3184.0000 401171.4000
3185.1000 401310.0000
3186.2000 401448.6000
3187.3000 401587.2000
3188.4000 401725.8000
3189.5000 401864.4000
3190.6000 402003.0000
3191.7000 402141.6000
3192.8000 402280.2000
3193.9000 402418.8000
3195.0000 402557.4000
3196.1000 402696.0000
3197.2000 402834.6000
3198.3000 402973.2000
3199.4000 403111.8000
3200.5000 403250.4000
3201.6000 403389.0000
3202.7000 403527.6000
3203.8000 403666.2000
3204.9000 403804.8000
3206.0000 403943.4000
3207.1000 404082.0000
3208.2000 404220.6000
3209.3000 404359.2000
3210.4000 404497.8000
3211.5000 404636.4000
3212.6000 404775.0000
3213.7000 404913.6000
3214.8000 405052.2000
3215.9000 405190.8000
3217.0000 405329.4000
3218.1000 405468.0000
3219.2000 405606.6000
3220.3000 405745.2000
3221.4000 405883.8000
3222.5000 406022.4000
3223.6000 406161.0000
3224.7000 406299.6000
3225.8000 406438.2000
3226.9000 406576.8000
3228.0000 406715.4000
3229.1000 406854.0000
3230.2000 406992.6000
3231.3000 407131.2000
3232.4000 407269.8000
3233.5000 407408.4000
3234.6000 407547.0000
3235.7000 407685.6000
3236.8000 407824.2000
3237.9000 407962.8000
3239.0000 408101.4000
3240.1000 408240.0000
3241.2000 408378.6000
3242.3000 408517.2000
3243.4000 408655.8000
3244.5000 408794.4000
3245.6000 408933.0000
3246.7000 409071.6000
3247.8000 409210.2000
3248.9000 409348.8000
3250.0000 409487.4000
3251.1000 409626.0000
3252.2000 409764.6000
3253.3000 409903.2000
3254.4000 410041.8000
3255.5000 410180.4000
3256.6000 410319.0000
3257.7000 410457.6000
3258.8000 410596.2000
3259.9000 410734.8000
3261.0000 410873.4000
3262.1000 411012.0000
3263.2000 411150.6000
3264.3000 411289.2000
3265.4000 411427.8000
3266.5000 411566.4000
3267.6000 411705.0000
3268.7000 411843.6000
3269.8000 411982.2000
3270.9000 412120.8000
3272.0000 412259.4000
3273.1000 412398.0000
3274.2000 412536.6000
3275.3000 412675.2000
3276.4000 412813.8000
3277.5000 412952.4000
3278.6000 413091.0000
3279.7000 413229.6000
3280.8000 413368.2000
3281.9000 413506.8000
3283.0000 413645.4000
3284.1000 413784.0000
3285.2000 413922.6000
3286.3000 414061.2000
3287.4000 414199.8000
3288.5000 414338.4000
3289.6000 414477.0000
3290.7000 414615.6000
3291.8000 414754.2000
3292.9000 414892.8000
3294.0000 415031.4000
3295.1000 415170.0000
3296.2000 415308.6000
3297.3000 415447.2000
3298.4000 415585.8000
3299.5000 415724.4000
3300.6000 415863.0000
3301.7000 416001.6000
3302.8000 416140.2000
3303.9000 416278.8000
3305.0000 416417.4000
3306.1000 416556.0000
3307.2000 416694.6000
3308.3000 416833.2000
3309.4000 416971.8000
3310.5000 417110.4000
3311.6000 417249.0000
3312.7000 417387.6000
3313.8000 417526.2000
3314.9000 417664.8000
3316.0000 417803.4000
3317.1000 417942.0000
3318.2000 418080.6000
3319.3000 418219.2000
3320.4000 418357.8000
3321.5000 418496.4000
3322.6000 418635.0000
3323.7000 418773.6000
3324.8000 418912.2000
3325.9000 419050.8000
3327.0000 419189.4000
3328.1000 419328.0000
3329.2000 419466.6000
3330.3000 419605.2000
3331.4000 419743.8000
3332.5000 419882.4000
3333.6000 420021.0000
3334.7000 420159.6000
3335.8000 420298.2000
3336.9000 420436.8000
3338.0000 420575.4000
3339.1000 420714.0000
3340.2000 420852.6000
3341.3000 420991.2000
3342.4000 421129.8000
3343.5000 421268.4000
3344.6000 421407.0000
3345.7000 421545.6000
3346.8000 421684.2000
3347.9000 421822.8000
3349.0000 421961.4000
3350.1000 422100.0000
3351.2000 422238.6000
3352.3000 422377.2000
3353.4000 422515.8000
3354.5000 422654.4000
3355.6000 422793.0000
3356.7000 422931.6000
3357.8000 423070.2000
3358.9000 423208.8000
3360.0000 423347.4000
3361.1000 423486.0000
3362.2000 423624.6000
3363.3000 423763.2000
3364.4000 423901.8000
3365.5000 424040.4000
3366.6000 424179.0000
3367.7000 424317.6000
3368.8000 424456.2000
3369.9000 424594.8000
3371.0000 424733.4000
3372.1000 424872.0000
3373.2000 425010.6000
3374.3000 425149.2000
3375.4000 425287.8000
3376.5000 425426.4000
3377.6000 425565.0000
3378.7000 425703.6000
3379.8000 425842.2000
3380.9000 425980.8000
3382.0000 426119.4000
3383.1000 426258.0000
3384.2000 426396.6000
3385.3000 426535.2000
3386.4000 426673.8000
3387.5000 426812.4000
3388.6000 426951.0000
3389.7000 427089.6000
3390.8000 427228.2000
3391.9000 427366.8000
3393.0000 427505.4000
3394.1000 427644.0000
3395.2000 427782.6000
3396.3000 427921.2000
3397.4000 428059.8000
3398.5000 428198.4000
3399.6000 428337.0000
3400.7000 428475.6000
3401.8000 428614.2000
3402.9000 428752.8000
3404.0000 428891.4000
3405.1000 429030.0000
3406.2000 429168.6000
3407.3000 429307.2000
3408.4000 429445.8000
3409.5000 429584.4000
3410.6000 429723.0000
3411.7000 429861.6000
3412.8000 430000.2000
3413.9000 430138.8000
3415.0000 430277.4000
3416.1000 430416.0000
3417.2000 430554.6000
3418.3000 430693.2000
3419.4000 430831.8000
3420.5000 430970.4000
3421.6000 431109.0000
3422.7000 431247.6000
3423.8000 431386.2000
3424.9000 431524.8000
3426.0000 431663.4000
3427.1000 431802.0000
3428.2000 431940.6000
3429.3000 432079.2000
3430.4000 432217.8000
3431.5000 432356.4000
3432.6000 432495.0000
3433.7000 432633.6000
3434.8000 432772.2000
3435.9000 432910.8000
3437.0000 433049.4000
3438.1000 433188.0000
3439.2000 433326.6000
3440.3000 433465.2000
3441.4000 433603.8000
3442.5000 433742.4000
3443.6000 433881.0000
3444.7000 434019.6000
3445.8000 434158.2000
3446.9000 434296.8000
3448.0000 434435.4000
3449.1000 434574.0000
3450.2000 434712.6000
3451.3000 434851.2000
3452.4000 434989.8000
3453.5000 435128.4000
3454.6000 435267.0000
3455.7000 435405.6000
3456.8000 435544.2000
3457.9000 435682.8000
3459.0000 435821.4000
3460.1000 435960.0000
3461.2000 436098.6000
3462.3000 436237.2000
3463.4000 436375.8000
3464.5000 436514.4000
3465.6000 436653.0000
3466.7000 436791.6000
3467.8000 436930.2000
3468.9000 437068.8000
3470.0000 437207.4000
3471.1000 437346.0000
3472.2000 437484.6000
3473.3000 437623.2000
3474.4000 437761.8000
3475.5000 437900.4000
3476.6000 438039.0000
3477.7000 438177.6000
3478.8000 438316.2000
3479.9000 438454.8000
3481.0000 438593.4000
3482.1000 438732.0000
3483.2000 438870.6000
3484.3000 439009.2000
3485.4000 439147.8000
3486.5000 439286.4000
3487.6000 439425.0000
3488.7000 439563.6000
3489.8000 439702.2000
3490.9000 439840.8000
3492.0000 439979.4000
3493.1000 440118.0000
3494.2000 440256.6000
3495.3000 440395.2000
3496.4000 440533.8000
3497.5000 440672.4000
3498.6000 440811.0000
3499.7000 440949.6000
3500.8000 441088.2000
3501.9000 441226.8000
3503.0000 441365.4000
3504.1000 441504.0000
3505.2000 441642.6000
3506.3000 441781.2000
3507.4000 441919.8000
3508.5000 442058.4000
3509.6000 442197.0000
3510.7000 442335.6000
3511.8000 442474.2000
3512.9000 442612.8000
3514.0000 442751.4000
3515.1000 442890.0000
3516.2000 443028.6000
3517.3000 443167.2000
3518.4000 443305.8000
3519.5000 443444.4000
3520.6000 443583.0000
3521.7000 443721.6000
3522.8000 443860.2000
3523.9000 443998.8000
3525.0000 444137.4000
3526.1000 444276.0000
3527.2000 444414.6000
3528.3000 444553.2000
3529.4000 444691.8000
3530.5000 444830.4000
3531.6000 444969.0000
3532.7000 445107.6000
3533.8000 445246.2000
3534.9000 445384.8000
3536.0000 445523.4000
3537.1000 445662.0000
3538.2000 445800.6000
3539.3000 445939.2000
3540.4000 446077.8000
3541.5000 446216.4000
3542.6000 446355.0000
3543.7000 446493.6000
3544.8000 446632.2000
3545.9000 446770.8000
3547.0000 446909.4000
3548.1000 447048.0000
3549.2000 447186.6000
3550.3000 447325.2000
3551.4000 447463.8000
3552.5000 447602.4000
3553.6000 447741.0000
3554.7000 447879.6000
3555.8000 448018.2000
3556.9000 448156.8000
3558.0000 448295.4000
3559.1000 448434.0000
3560.2000 448572.6000
3561.3000 448711.2000
3562.4000 448849.8000
3563.5000 448988.4000
3564.6000 449127.0000
3565.7000 449265.6000
3566.8000 449404.2000
3567.9000 449542.8000
3569.0000 449681.4000
3570.1000 449820.0000
3571.2000 449958.6000
3572.3000 450097.2000
3573.4000 450235.8000
3574.5000 450374.4000
3575.6000 450513.0000
3576.7000 450651.6000
3577.8000 450790.2000
3578.9000 450928.8000
3580.0000 451067.4000
3581.1000 451206.0000
3582.2000 451344.6000
3583.3000 451483.2000
3584.4000 451621.8000
3585.5000 451760.4000
3586.6000 451899.0000
3587.7000 452037.6000
3588.8000 452176.2000
3589.9000 452314.8000
3591.0000 452453.4000
3592.1000 452592.0000
3593.2000 452730.6000
3594.3000 452869.2000
3595.4000 453007.8000
3596.5000 453146.4000
3597.6000 453285.0000
3598.7000 453423.6000
3599.8000 453562.2000
3600.9000 453700.8000
3602.0000 453839.4000
3603.1000 453978.0000
3604.2000 454116.6000
3605.3000 454255.2000
3606.4000 454393.8000
3607.5000 454532.4000
3608.6000 454671.0000
3609.7000 454809.6000
3610.8000 454948.2000
3611.9000 455086.8000
3613.0000 455225.4000
3614.1000 455364.0000
3615.2000 455502.6000
3616.3000 455641.2000
3617.4000 455779.8000
3618.5000 455918.4000
3619.6000 456057.0000
3620.7000 456195.6000
3621.8000 456334.2000
3622.9000 456472.8000
3624.0000 456611.4000
3625.1000 456750.0000
3626.2000 456888.6000
3627.3000 457027.2000
3628.4000 457165.8000
3629.5000 457304.4000
3630.6000 457443.0000
3631.7000 457581.6000
3632.8000 457720.2000
3633.9000 457858.8000
3635.0000 457997.4000
3636.1000 458136.0000
3637.2000 458274.6000
3638.3000 458413.2000
3639.4000 458551.8000
3640.5000 458690.4000
3641.6000 458829.0000
3642.7000 458967.6000
3643.8000 459106.2000
3644.9000 459244.8000
3646.0000 459383.4000
3647.1000 459522.0000
3648.2000 459660.6000
3649.3000 459799.2000
3650.4000 459937.8000
3651.5000 460076.4000
3652.6000 460215.0000
3653.7000 460353.6000
3654.8000 460492.2000
3655.9000 460630.8000
3657.0000 460769.4000
3658.1000 460908.0000
3659.2000 461046.6000
3660.3000 461185.2000
3661.4000 461323.8000
3662.5000 461462.4000
3663.6000 461601.0000
3664.7000 461739.6000
3665.8000 461878.2000
3666.9000 462016.8000
3668.0000 462155.4000
3669.1000 462294.0000
3670.2000 462432.6000
3671.3000 462571.2000
3672.4000 462709.8000
3673.5000 462848.4000
3674.6000 462987.0000
3675.7000 463125.6000
3676.8000 463264.2000
3677.9000 463402.8000
3679.0000 463541.4000
3680.1000 463680.0000
3681.2000 463818.6000
3682.3000 463957.2000
3683.4000 464095.8000
3684.5000 464234.4000
3685.6000 464373.0000
3686.7000 464511.6000
3687.8000 464650.2000
3688.9000 464788.8000
3690.0000 464927.4000
3691.1000 465066.0000
3692.2000 465204.6000
3693.3000 465343.2000
3694.4000 465481.8000
3695.5000 465620.4000
3696.6000 465759.0000
3697.7000 465897.6000
3698.8000 466036.2000
3699.9000 466174.8000
3701.0000 466313.4000
3702.1000 466452.0000
3703.2000 466590.6000
3704.3000 466729.2000
3705.4000 466867.8000
3706.5000 467006.4000
3707.6000 467145.0000
3708.7000 467283.6000
3709.8000 467422.2000
3710.9000 467560.8000
3712.0000 467699.4000
3713.1000 467838.0000
3714.2000 467976.6000
3715.3000 468115.2000
3716.4000 468253.8000
3717.5000 468392.4000
3718.6000 468531.0000
3719.7000 468669.6000
3720.8000 468808.2000
3721.9000 468946.8000
3723.0000 469085.4000
3724.1000 469224.0000
3725.2000 469362.6000
3726.3000 469501.2000
3727.4000 469639.8000
3728.5000 469778.4000
3729.6000 469917.0000
3730.7000 470055.6000
3731.8000 470194.2000
3732.9000 470332.8000
3734.0000 470471.4000
3735.1000 470610.0000
3736.2000 470748.6000
3737.3000 470887.2000
3738.4000 471025.8000
3739.5000 471164.4000
3740.6000 471303.0000
3741.7000 471441.6000
3742.8000 471580.2000
3743.9000 471718.8000
3745.0000 471857.4000
3746.1000 471996.0000
3747.2000 472134.6000
3748.3000 472273.2000
3749.4000 472411.8000
3750.5000 472550.4000
3751.6000 472689.0000
3752.7000 472827.6000
3753.8000 472966.2000
3754.9000 473104.8000
3756.0000 473243.4000
3757.1000 473382.0000
3758.2000 473520.6000
3759.3000 473659.2000
3760.4000 473797.8000
3761.5000 473936.4000
3762.6000 474075.0000
3763.7000 474213.6000
3764.8000 474352.2000
3765.9000 474490.8000
3767.0000 474629.4000
3768.1000 474768.0000
3769.2000 474906.6000
3770.3000 475045.2000
3771.4000 475183.8000
3772.5000 475322.4000
3773.6000 475461.0000
3774.7000 475599.6000
3775.8000 475738.2000
3776.9000 475876.8000
3778.0000 476015.4000
3779.1000 476154.0000
3780.2000 476292.6000
3781.3000 476431.2000
3782.4000 476569.8000
3783.5000 476708.4000
3784.6000 476847.0000
3785.7000 476985.6000
3786.8000 477124.2000
3787.9000 477262.8000
3789.0000 477401.4000
3790.1000 477540.0000
3791.2000 477678.6000
3792.3000 477817.2000
3793.4000 477955.8000
3794.5000 478094.4000
3795.6000 478233.0000
3796.7000 478371.6000
3797.8000 478510.2000
3798.9000 478648.8000
3800.0000 478787.4000
3801.1000 478926.0000
3802.2000 479064.6000
3803.3000 479203.2000
3804.4000 479341.8000
3805.5000 479480.4000
3806.6000 479619.0000
3807.7000 479757.6000
3808.8000 479896.2000
3809.9000 480034.8000
3811.0000 480173.4000
3812.1000 480312.0000
3813.2000 480450.6000
3814.3000 480589.2000
3815.4000 480727.8000
3816.5000 480866.4000
3817.6000 481005.0000
3818.7000 481143.6000
3819.8000 481282.2000
3820.9000 481420.8000
3822.0000 481559.4000
3823.1000 481698.0000
3824.2000 481836.6000
3825.3000 481975.2000
3826.4000 482113.8000
3827.5000 482252.4000
3828.6000 482391.0000
3829.7000 482529.6000
3830.8000 482668.2000
3831.9000 482806.8000
3833.0000 482945.4000
3834.1000 483084.0000
3835.2000 483222.6000
3836.3000 483361.2000
3837.4000 483499.8000
3838.5000 483638.4000
3839.6000 483777.0000
3840.7000 483915.6000
3841.8000 484054.2000
3842.9000 484192.8000
3844.0000 484331.4000
3845.1000 484470.0000
3846.2000 484608.6000
3847.3000 484747.2000
3848.4000 484885.8000
3849.5000 485024.4000
3850.6000 485163.0000
3851.7000 485301.6000
3852.8000 485440.2000
3853.9000 485578.8000
3855.0000 485717.4000
3856.1000 485856.0000
3857.2000 485994.6000
3858.3000 486133.2000
3859.4000 486271.8000
3860.5000 486410.4000
3861.6000 486549.0000
3862.7000 486687.6000
3863.8000 486826.2000
3864.9000 486964.8000
3866.0000 487103.4000
3867.1000 487242.0000
3868.2000 487380.6000
3869.3000 487519.2000
3870.4000 487657.8000
3871.5000 487796.4000
3872.6000 487935.0000
3873.7000 488073.6000
3874.8000 488212.2000
3875.9000 488350.8000
3877.0000 488489.4000
3878.1000 488628.0000
3879.2000 488766.6000
3880.3000 488905.2000
3881.4000 489043.8000
3882.5000 489182.4000
3883.6000 489321.0000
3884.7000 489459.6000
3885.8000 489598.2000
3886.9000 489736.8000
3888.0000 489875.4000
3889.1000 490014.0000
3890.2000 490152.6000
3891.3000 490291.2000
3892.4000 490429.8000
3893.5000 490568.4000
3894.6000 490707.0000
3895.7000 490845.6000
3896.8000 490984.2000
3897.9000 491122.8000
3899.0000 491261.4000
3900.1000 491400.0000
3901.2000 491538.6000
3902.3000 491677.2000
3903.4000 491815.8000
3904.5000 491954.4000
3905.6000 492093.0000
3906.7000 492231.6000
3907.8000 492370.2000
3908.9000 492508.8000
3910.0000 492647.4000
3911.1000 492786.0000
3912.2000 492924.6000
3913.3000 493063.2000
3914.4000 493201.8000
3915.5000 493340.4000
3916.6000 493479.0000
3917.7000 493617.6000
3918.8000 493756.2000
3919.9000 493894.8000
3921.0000 494033.4000
3922.1000 494172.0000
3923.2000 494310.6000
3924.3000 494449.2000
3925.4000 494587.8000
3926.5000 494726.4000
3927.6000 494865.0000
3928.7000 495003.6000
3929.8000 495142.2000
3930.9000 495280.8000
3932.0000 495419.4000
3933.1000 495558.0000
3934.2000 495696.6000
3935.3000 495835.2000
3936.4000 495973.8000
3937.5000 496112.4000
3938.6000 496251.0000
3939.7000 496389.6000
3940.8000 496528.2000
3941.9000 496666.8000
3943.0000 496805.4000
3944.1000 496944.0000
3945.2000 497082.6000
3946.3000 497221.2000
3947.4000 497359.8000
3948.5000 497498.4000
3949.6000 497637.0000
3950.7000 497775.6000
3951.8000 497914.2000
3952.9000 498052.8000
3954.0000 498191.4000
3955.1000 498330.0000
3956.2000 498468.6000
3957.3000 498607.2000
3958.4000 498745.8000
3959.5000 498884.4000
3960.6000 499023.0000
3961.7000 499161.6000
3962.8000 499300.2000
3963.9000 499438.8000
3965.0000 499577.4000
3966.1000 499716.0000
3967.2000 499854.6000
3968.3000 499993.2000
3969.4000 500131.8000
3970.5000 500270.4000
3971.6000 500409.0000
3972.7000 500547.6000
3973.8000 500686.2000
3974.9000 500824.8000
3976.0000 500963.4000
3977.1000 501102.0000
3978.2000 501240.6000
3979.3000 501379.2000
3980.4000 501517.8000
3981.5000 501656.4000
3982.6000 501795.0000
3983.7000 501933.6000
3984.8000 502072.2000
3985.9000 502210.8000
3987.0000 502349.4000
3988.1000 502488.0000
3989.2000 502626.6000
3990.3000 502765.2000
3991.4000 502903.8000
3992.5000 503042.4000
3993.6000 503181.0000
3994.7000 503319.6000
3995.8000 503458.2000
3996.9000 503596.8000
3998.0000 503735.4000
3999.1000 503874.0000
